RT,TYPE,SERIALNO,puma_id,REGION,ST,HINCP,NP,SYNTHETIC_HID,place_id,longitude,latitude,RT,puma_id,ST,SEX,AGEP,SCH,SCHG,RELP,HISP,ESR,PINCP,NATIVITY,OCCP,POBP,RAC1P,SYNTHETIC_PID,school_id,workplace_id
H,1,1332975,300,3,10,490,1,10005051102-1,10005051102,-7.50758004383433E1,3.86977976143477E1,P,300,10,2,48,2,15,0,1,6,490,1,,24,1,10005051102-1-1,,
H,1,1293114,300,3,10,2400,1,10005051102-2,10005051102,-7.50754830162594E1,3.86972324106133E1,P,103,10,1,55,1,,0,1,1,2400,1,4250,10,1,10005051102-2-2,,121575930
H,1,101510,300,3,10,1900,1,10005051102-3,10005051102,-7.50760802320625E1,3.8697941531575E1,P,300,10,2,56,1,,0,1,6,1900,1,6420,10,1,10005051102-3-3,,
H,1,718931,300,3,10,10,1,10005051102-4,10005051102,-7.50762327987642E1,3.8697737040672E1,P,300,10,1,63,1,,0,1,6,10,1,,34,1,10005051102-4-4,,
H,1,1406099,300,3,10,6200,1,10005051102-5,10005051102,-7.50765187840054E1,3.86980148294274E1,P,300,10,1,69,1,,0,1,6,6200,1,,24,1,10005051102-5-5,,
H,1,1108400,300,3,10,0,1,10005051102-6,10005051102,-7.50765555543634E1,3.86981812986818E1,P,300,10,2,69,1,,0,1,6,0,1,,9,1,10005051102-6-6,,
H,1,1350877,300,3,10,8300,1,10005051102-7,10005051102,-7.50763482880813E1,3.86979981994028E1,P,300,10,2,70,1,,0,1,6,8300,1,,27,1,10005051102-7-7,,
H,1,1140536,300,3,10,4200,1,10005051102-8,10005051102,-7.50762467161844E1,3.86980953453078E1,P,300,10,1,83,1,,0,1,6,4200,1,,10,1,10005051102-8-8,,
H,1,1046594,300,3,10,0,1,10005051102-9,10005051102,-7.50764692629226E1,3.86981585339274E1,P,300,10,1,80,1,,0,1,6,0,2,,110,1,10005051102-9-9,,
H,1,702107,300,3,10,7200,1,10005051102-10,10005051102,-7.50755242047167E1,3.86969842284013E1,P,104,10,2,78,1,,0,1,6,7200,1,,25,1,10005051102-10-10,,
H,1,1140536,300,3,10,4200,1,10005051102-11,10005051102,-7.5076039703885E1,3.86974523167828E1,P,300,10,1,83,1,,0,1,6,4200,1,,10,1,10005051102-11-11,,
H,1,242929,300,3,10,7900,1,10005051102-12,10005051102,-7.50758421489586E1,3.86977825092058E1,P,200,10,2,87,1,,0,1,6,7900,1,3500,10,1,10005051102-12-12,,
H,1,861353,300,3,10,0,1,10005051102-13,10005051102,-7.50761230344926E1,3.86978577539295E1,P,300,10,1,93,1,,0,1,6,0,2,,157,1,10005051102-13-13,,
H,1,1308030,300,3,10,6450,1,10005051102-14,10005051102,-7.50762819920545E1,3.869830269381E1,P,300,10,2,86,1,,0,1,6,6450,1,5910,42,1,10005051102-14-14,,
H,1,153960,300,3,10,9800,1,10005051102-15,10005051102,-7.50768977294082E1,3.86980085459181E1,P,102,10,2,86,1,,0,1,6,9800,1,,17,1,10005051102-15-15,,
H,1,1472248,300,3,10,1500,1,10005051102-16,10005051102,-7.50767649328146E1,3.86982445485947E1,P,300,10,2,88,1,,0,1,6,1500,1,,10,1,10005051102-16-16,,
H,1,603628,300,3,10,5000,1,10005051102-17,10005051102,-7.50765107572407E1,3.86981233914382E1,P,104,10,2,86,1,,0,1,6,5000,1,,34,1,10005051102-17-17,,
H,1,1462786,300,3,10,8900,1,10005051102-18,10005051102,-7.50774178726948E1,3.86986217671084E1,P,300,10,2,65,1,,0,1,6,8900,1,,10,9,10005051102-18-18,,
H,1,1487068,300,3,10,7400,1,10005051102-19,10005051102,-7.50765298285812E1,3.86982540767696E1,P,200,10,2,79,1,,0,1,6,7400,1,,24,9,10005051102-19-19,,
H,1,385955,300,3,10,10600,1,10005051102-20,10005051102,-7.50755178431825E1,3.86973049142423E1,P,200,10,2,40,1,,0,1,6,10600,1,,55,1,10005051102-20-20,,
H,1,385955,300,3,10,10600,1,10005051102-21,10005051102,-7.50764005120975E1,3.86976243420741E1,P,200,10,2,40,1,,0,1,6,10600,1,,55,1,10005051102-21-21,,
H,1,1191546,300,3,10,12000,1,10005051102-22,10005051102,-7.50761379620182E1,3.86978572241685E1,P,103,10,1,54,1,,0,1,6,12000,1,,10,1,10005051102-22-22,,
H,1,1062062,300,3,10,12000,1,10005051102-23,10005051102,-7.50755914513905E1,3.86976986138162E1,P,103,10,2,54,1,,0,1,3,12000,1,5700,34,1,10005051102-23-23,,
H,1,936599,300,3,10,10000,1,10005051102-24,10005051102,-7.50755582550352E1,3.86976816249362E1,P,200,10,1,49,1,,0,1,3,10000,1,9130,25,1,10005051102-24-24,,
H,1,633903,300,3,10,10800,1,10005051102-25,10005051102,-7.5075722803163E1,3.8697078755569E1,P,300,10,2,51,1,,0,1,6,10800,1,,10,1,10005051102-25-25,,
H,1,1062062,300,3,10,12000,1,10005051102-26,10005051102,-7.50754557603124E1,3.86973283923634E1,P,103,10,2,54,1,,0,1,3,12000,1,5700,34,1,10005051102-26-26,,
H,1,633903,300,3,10,10800,1,10005051102-27,10005051102,-7.50751290999895E1,3.86976078779138E1,P,300,10,2,51,1,,0,1,6,10800,1,,10,1,10005051102-27-27,,
H,1,885980,300,3,10,10000,1,10005051102-28,10005051102,-7.5075931873767E1,3.8698114424143E1,P,300,10,1,55,1,,0,1,1,10000,1,9140,10,1,10005051102-28-28,,423032549
H,1,701088,300,3,10,13000,1,10005051102-29,10005051102,-7.50761936457815E1,3.8698041325038E1,P,300,10,2,57,1,,0,1,6,13000,1,,10,1,10005051102-29-29,,
H,1,701088,300,3,10,13000,1,10005051102-30,10005051102,-7.50758669773075E1,3.86974848780364E1,P,300,10,2,57,1,,0,1,6,13000,1,,10,1,10005051102-30-30,,
H,1,805645,300,3,10,11800,1,10005051102-31,10005051102,-7.50758074222244E1,3.86975582149941E1,P,300,10,2,58,1,,0,1,1,11800,2,8320,110,1,10005051102-31-31,,400853107
H,1,163004,300,3,10,11400,1,10005051102-32,10005051102,-7.50761219850405E1,3.86975655628378E1,P,102,10,1,57,1,,0,1,3,11400,1,7810,10,1,10005051102-32-32,,
H,1,701088,300,3,10,13000,1,10005051102-33,10005051102,-7.5077728877277E1,3.86982216914097E1,P,300,10,2,57,1,,0,1,6,13000,1,,10,1,10005051102-33-33,,
H,1,581816,300,3,10,11040,1,10005051102-34,10005051102,-7.50850724403075E1,3.87041041192155E1,P,102,10,2,63,1,,0,1,6,11040,1,5100,25,1,10005051102-34-34,,
H,1,1286019,300,3,10,11000,1,10005051102-35,10005051102,-7.50851428636513E1,3.87043237357675E1,P,102,10,2,63,1,,0,1,1,11000,1,5860,10,1,10005051102-35-35,,472702737
H,1,231924,300,3,10,11300,1,10005051102-36,10005051102,-7.5084760430403E1,3.87042251484722E1,P,300,10,2,61,1,,0,1,1,11300,1,4350,24,1,10005051102-36-36,,816375356
H,1,231924,300,3,10,11300,1,10005051102-37,10005051102,-7.50850542145793E1,3.87044990200526E1,P,300,10,2,61,1,,0,1,1,11300,1,4350,24,1,10005051102-37-37,,816261887
H,1,82769,300,3,10,13400,1,10005051102-38,10005051102,-7.50849921083912E1,3.8704429491366E1,P,300,10,1,67,1,,0,1,6,13400,1,4760,42,1,10005051102-38-38,,
H,1,300183,300,3,10,13380,1,10005051102-39,10005051102,-7.50853825158905E1,3.87045326308208E1,P,300,10,2,65,1,,0,1,6,13380,1,,10,1,10005051102-39-39,,
H,1,1237121,300,3,10,13590,1,10005051102-40,10005051102,-7.5085325840788E1,3.87042003691894E1,P,300,10,2,69,1,,0,1,1,13590,1,5110,42,1,10005051102-40-40,,678071218
H,1,396803,300,3,10,13900,1,10005051102-41,10005051102,-7.50855958253322E1,3.87044714838784E1,P,103,10,2,74,1,,0,1,1,13900,1,5120,34,1,10005051102-41-41,,455365130
H,1,461794,300,3,10,14000,1,10005051102-42,10005051102,-7.5086251302087E1,3.87046873426E1,P,104,10,1,72,1,,0,1,6,14000,1,,37,1,10005051102-42-42,,
H,1,461794,300,3,10,14000,1,10005051102-43,10005051102,-7.5085723448209E1,3.87049584401193E1,P,104,10,1,72,1,,0,1,6,14000,1,,37,1,10005051102-43-43,,
H,1,930653,300,3,10,11400,1,10005051102-44,10005051102,-7.50863311646314E1,3.8704926190879E1,P,200,10,1,66,1,,0,1,6,11400,1,4250,24,1,10005051102-44-44,,
H,1,1237121,300,3,10,13590,1,10005051102-45,10005051102,-7.50862093704161E1,3.8705150946141E1,P,300,10,2,69,1,,0,1,1,13590,1,5110,42,1,10005051102-45-45,,892292970
H,1,908816,300,3,10,11900,1,10005051102-46,10005051102,-7.50864688438675E1,3.87054121386422E1,P,200,10,2,70,1,,0,1,6,11900,1,,10,1,10005051102-46-46,,
H,1,388401,300,3,10,13400,1,10005051102-47,10005051102,-7.50865710539504E1,3.87053119481962E1,P,300,10,2,74,1,,0,1,6,13400,1,,54,1,10005051102-47-47,,
H,1,1237121,300,3,10,13590,1,10005051102-48,10005051102,-7.5086994164917E1,3.8705501373728E1,P,300,10,2,69,1,,0,1,1,13590,1,5110,42,1,10005051102-48-48,,629911488
H,1,461794,300,3,10,14000,1,10005051102-49,10005051102,-7.50870004657687E1,3.87057034548074E1,P,104,10,1,72,1,,0,1,6,14000,1,,37,1,10005051102-49-49,,
H,1,1072384,300,3,10,12000,1,10005051102-50,10005051102,-7.5086853826763E1,3.87055897305997E1,P,103,10,2,68,1,,0,1,6,12000,1,,34,1,10005051102-50-50,,
H,1,1165349,300,3,10,11100,1,10005051102-51,10005051102,-7.50878694577227E1,3.87062296622216E1,P,300,10,1,70,1,,0,1,6,11100,2,,110,1,10005051102-51-51,,
H,1,1000514,300,3,10,14400,1,10005051102-52,10005051102,-7.50875078740173E1,3.87057718929325E1,P,300,10,2,68,1,,0,1,6,14400,1,,42,1,10005051102-52-52,,
H,1,99292,300,3,10,12200,1,10005051102-53,10005051102,-7.50876442518501E1,3.8705749122975E1,P,200,10,2,69,1,,0,1,1,12200,1,2440,10,1,10005051102-53-53,,571956853
H,1,1125733,300,3,10,10200,1,10005051102-54,10005051102,-7.5087231971126E1,3.8705857798782E1,P,200,10,1,69,1,,0,1,6,10200,1,6100,10,1,10005051102-54-54,,
H,1,1072384,300,3,10,12000,1,10005051102-55,10005051102,-7.50878635126674E1,3.87060635886945E1,P,103,10,2,68,1,,0,1,6,12000,1,,34,1,10005051102-55-55,,
H,1,534382,300,3,10,12000,1,10005051102-56,10005051102,-7.50881728847987E1,3.87063784561411E1,P,104,10,1,67,1,,0,1,6,12000,1,9610,10,1,10005051102-56-56,,
H,1,111003,300,3,10,13500,1,10005051102-57,10005051102,-7.50882717896722E1,3.87063953720493E1,P,300,10,2,69,2,14,0,1,1,13500,1,4760,42,1,10005051102-57-57,100068000090,597617893
H,1,227239,300,3,10,14410,1,10005051102-58,10005051102,-7.50882227016795E1,3.87063218231293E1,P,103,10,1,78,1,,0,1,6,14410,1,,42,1,10005051102-58-58,,
H,1,361248,300,3,10,10500,1,10005051102-59,10005051102,-7.50879174837203E1,3.87064947303758E1,P,300,10,2,76,1,,0,1,6,10500,1,,10,1,10005051102-59-59,,
H,1,1052541,300,3,10,14300,1,10005051102-60,10005051102,-7.50882995540657E1,3.87062050252512E1,P,103,10,2,83,1,,0,1,6,14300,1,,10,1,10005051102-60-60,,
H,1,397597,300,3,10,14100,1,10005051102-61,10005051102,-7.50885670792995E1,3.87064405150083E1,P,103,10,2,77,1,,0,1,6,14100,1,,42,1,10005051102-61-61,,
H,1,397597,300,3,10,14100,1,10005051102-62,10005051102,-7.50883967321393E1,3.87069213521067E1,P,103,10,2,77,1,,0,1,6,14100,1,,42,1,10005051102-62-62,,
H,1,1083685,300,3,10,13900,1,10005051102-63,10005051102,-7.50891049493846E1,3.87071222894358E1,P,300,10,2,84,1,,0,1,6,13900,1,,10,1,10005051102-63-63,,
H,1,736728,300,3,10,13400,1,10005051102-64,10005051102,-7.50888146256054E1,3.87066368262327E1,P,103,10,1,80,1,,0,1,6,13400,1,9610,42,1,10005051102-64-64,,
H,1,173975,300,3,10,14400,1,10005051102-65,10005051102,-7.50893645698642E1,3.87071266407586E1,P,102,10,2,81,1,,0,1,6,14400,1,3255,10,1,10005051102-65-65,,
H,1,736728,300,3,10,13400,1,10005051102-66,10005051102,-7.50862635560428E1,3.87048455987633E1,P,103,10,1,80,1,,0,1,6,13400,1,9610,42,1,10005051102-66-66,,
H,1,227239,300,3,10,14410,1,10005051102-67,10005051102,-7.50854137666595E1,3.87046093428651E1,P,103,10,1,78,1,,0,1,6,14410,1,,42,1,10005051102-67-67,,
H,1,397597,300,3,10,14100,1,10005051102-68,10005051102,-7.5085755976394E1,3.87047302691202E1,P,103,10,2,77,1,,0,1,6,14100,1,,42,1,10005051102-68-68,,
H,1,227239,300,3,10,14410,1,10005051102-69,10005051102,-7.50857011737762E1,3.87044426725834E1,P,103,10,1,78,1,,0,1,6,14410,1,,42,1,10005051102-69-69,,
H,1,1027536,300,3,10,14500,1,10005051102-70,10005051102,-7.50861662231735E1,3.87047553864655E1,P,300,10,2,77,1,,0,1,6,14500,1,,24,1,10005051102-70-70,,
H,1,1468827,300,3,10,14300,1,10005051102-71,10005051102,-7.5086150266518E1,3.87047676525041E1,P,102,10,2,86,1,,0,1,6,14300,1,,13,1,10005051102-71-71,,
H,1,1468827,300,3,10,14300,1,10005051102-72,10005051102,-7.50853753211081E1,3.87041642873166E1,P,102,10,2,86,1,,0,1,6,14300,1,,13,1,10005051102-72-72,,
H,1,1100910,300,3,10,10000,1,10005051102-73,10005051102,-7.50858938852773E1,3.87047540972987E1,P,103,10,2,85,1,,0,1,6,10000,1,4720,10,1,10005051102-73-73,,
H,1,679478,300,3,10,11300,1,10005051102-74,10005051102,-7.50862404520544E1,3.87047494554466E1,P,103,10,2,90,1,,0,1,6,11300,1,,10,1,10005051102-74-74,,
H,1,315557,300,3,10,12000,1,10005051102-75,10005051102,-7.50866464338441E1,3.87048284765062E1,P,101,10,1,87,1,,0,1,6,12000,1,,42,1,10005051102-75-75,,
H,1,679478,300,3,10,11300,1,10005051102-76,10005051102,-7.50867209905551E1,3.87045325108891E1,P,103,10,2,90,1,,0,1,6,11300,1,,10,1,10005051102-76-76,,
H,1,788128,300,3,10,14400,1,10005051102-77,10005051102,-7.50871390303885E1,3.8705568090007E1,P,104,10,2,86,1,,0,1,6,14400,1,,42,1,10005051102-77-77,,
H,1,1100910,300,3,10,10000,1,10005051102-78,10005051102,-7.50869679883945E1,3.87057702111986E1,P,103,10,2,85,1,,0,1,6,10000,1,4720,10,1,10005051102-78-78,,
H,1,34096,300,3,10,12000,1,10005051102-79,10005051102,-7.50878086855144E1,3.87060108516482E1,P,200,10,2,85,1,,0,1,6,12000,1,,24,1,10005051102-79-79,,
H,1,971032,300,3,10,13200,1,10005051102-80,10005051102,-7.50872577991981E1,3.87061788242692E1,P,200,10,2,93,1,,0,1,6,13200,1,,9,1,10005051102-80-80,,
H,1,971032,300,3,10,13200,1,10005051102-81,10005051102,-7.50879134811878E1,3.87059859789447E1,P,200,10,2,93,1,,0,1,6,13200,1,,9,1,10005051102-81-81,,
H,1,1086316,300,3,10,11700,1,10005051102-82,10005051102,-7.50877131965715E1,3.87060358561447E1,P,300,10,2,87,1,,0,1,6,11700,1,,10,1,10005051102-82-82,,
H,1,1086316,300,3,10,11700,1,10005051102-83,10005051102,-7.5087929634884E1,3.8705917281425E1,P,300,10,2,87,1,,0,1,6,11700,1,,10,1,10005051102-83-83,,
H,1,788128,300,3,10,14400,1,10005051102-84,10005051102,-7.50880327272872E1,3.87061694289024E1,P,104,10,2,86,1,,0,1,6,14400,1,,42,1,10005051102-84-84,,
H,1,1100910,300,3,10,10000,1,10005051102-85,10005051102,-7.50882059293476E1,3.87063223730551E1,P,103,10,2,85,1,,0,1,6,10000,1,4720,10,1,10005051102-85-85,,
H,1,1468827,300,3,10,14300,1,10005051102-86,10005051102,-7.50883657732393E1,3.87062267172503E1,P,102,10,2,86,1,,0,1,6,14300,1,,13,1,10005051102-86-86,,
H,1,34096,300,3,10,12000,1,10005051102-87,10005051102,-7.50885952907274E1,3.8706550147653E1,P,200,10,2,85,1,,0,1,6,12000,1,,24,1,10005051102-87-87,,
H,1,679478,300,3,10,11300,1,10005051102-88,10005051102,-7.50887480233484E1,3.87067215490283E1,P,103,10,2,90,1,,0,1,6,11300,1,,10,1,10005051102-88-88,,
H,1,1222330,300,3,10,13500,1,10005051102-89,10005051102,-7.50796352429023E1,3.8699938134308E1,P,300,10,2,89,1,,0,1,6,13500,1,,10,1,10005051102-89-89,,
H,1,1468827,300,3,10,14300,1,10005051102-90,10005051102,-7.50798746291536E1,3.8700521301832E1,P,102,10,2,86,1,,0,1,6,14300,1,,13,1,10005051102-90-90,,
H,1,1008333,300,3,10,14210,1,10005051102-91,10005051102,-7.50797550487296E1,3.87007331359802E1,P,300,10,2,89,1,,0,1,6,14210,2,,128,1,10005051102-91-91,,
H,1,1008333,300,3,10,14210,1,10005051102-92,10005051102,-7.50799024682645E1,3.87007250798941E1,P,300,10,2,89,1,,0,1,6,14210,2,,128,1,10005051102-92-92,,
H,1,34096,300,3,10,12000,1,10005051102-93,10005051102,-7.5080353631299E1,3.87008093277722E1,P,200,10,2,85,1,,0,1,6,12000,1,,24,1,10005051102-93-93,,
H,1,1008333,300,3,10,14210,1,10005051102-94,10005051102,-7.50806823120005E1,3.87012110592162E1,P,300,10,2,89,1,,0,1,6,14210,2,,128,1,10005051102-94-94,,
H,1,931635,300,3,10,12000,1,10005051102-95,10005051102,-7.50805813130821E1,3.87011849972461E1,P,103,10,2,40,1,,0,1,6,12000,1,,10,8,10005051102-95-95,,
H,1,931635,300,3,10,12000,1,10005051102-96,10005051102,-7.5080802524816E1,3.87014151732372E1,P,103,10,2,40,1,,0,1,6,12000,1,,10,8,10005051102-96-96,,
H,1,951267,300,3,10,12000,1,10005051102-97,10005051102,-7.50808493551701E1,3.87013757699264E1,P,200,10,1,53,1,,0,3,6,12000,1,,36,8,10005051102-97-97,,
H,1,951267,300,3,10,12000,1,10005051102-98,10005051102,-7.50808711156203E1,3.87015366075897E1,P,200,10,1,53,1,,0,3,6,12000,1,,36,8,10005051102-98-98,,
H,1,1424169,300,3,10,14400,1,10005051102-99,10005051102,-7.50809718473382E1,3.8701495523906E1,P,101,10,2,83,1,,0,3,6,14400,1,,72,8,10005051102-99-99,,
H,1,1424169,300,3,10,14400,1,10005051102-100,10005051102,-7.5081576251677E1,3.87016187395481E1,P,101,10,2,83,1,,0,3,6,14400,1,,72,8,10005051102-100-100,,
H,1,1412360,300,3,10,11000,1,10005051102-101,10005051102,-7.50813132680172E1,3.87018150703127E1,P,300,10,2,48,1,,0,3,6,11000,1,,10,9,10005051102-101-101,,
H,1,1412360,300,3,10,11000,1,10005051102-102,10005051102,-7.50817236382555E1,3.87018637626083E1,P,300,10,2,48,1,,0,3,6,11000,1,,10,9,10005051102-102-102,,
H,1,437187,300,3,10,21000,1,10005051102-103,10005051102,-7.50816020069487E1,3.87016193573847E1,P,300,10,2,36,1,,0,1,1,21000,1,2010,25,1,10005051102-103-103,,5295159
H,1,113865,300,3,10,60200,1,10005051102-104,10005051102,-7.50815918930685E1,3.87021140827992E1,P,300,10,2,37,1,,0,1,1,60200,1,2300,10,1,10005051102-104-104,,816365845
H,1,1277619,300,3,10,17004,1,10005051102-105,10005051102,-7.50821088786293E1,3.87019638259816E1,P,102,10,1,44,1,,0,1,1,17004,1,7750,10,1,10005051102-105-105,,892294034
H,1,1453472,300,3,10,24000,1,10005051102-106,10005051102,-7.50818827640562E1,3.87023270912793E1,P,300,10,1,45,1,,0,1,1,24000,1,2910,42,1,10005051102-106-106,,816173652
H,1,1345616,300,3,10,15000,1,10005051102-107,10005051102,-7.50822379041502E1,3.87022265681438E1,P,102,10,2,52,1,,0,1,1,15000,1,4200,10,1,10005051102-107-107,,121577092
H,1,1474676,300,3,10,23000,1,10005051102-108,10005051102,-7.50827041308258E1,3.8702251610698E1,P,200,10,1,49,1,,0,1,1,23000,1,4720,10,1,10005051102-108-108,,223572694
H,1,604309,300,3,10,20100,1,10005051102-109,10005051102,-7.50825409917634E1,3.8702840702445E1,P,103,10,1,49,1,,0,1,1,20100,1,5165,10,1,10005051102-109-109,,846204
H,1,1008744,300,3,10,20000,1,10005051102-110,10005051102,-7.50827784473E1,3.87026075903292E1,P,104,10,2,59,1,,0,1,1,20000,1,5020,37,1,10005051102-110-110,,987664364
H,1,1008744,300,3,10,20000,1,10005051102-111,10005051102,-7.50828304457634E1,3.87023434586506E1,P,104,10,2,59,1,,0,1,1,20000,1,5020,37,1,10005051102-111-111,,1704683
H,1,303394,300,3,10,15000,1,10005051102-112,10005051102,-7.50828704890467E1,3.870308035436E1,P,300,10,2,64,1,,0,1,6,15000,1,3600,10,1,10005051102-112-112,,
H,1,376245,300,3,10,17000,1,10005051102-113,10005051102,-7.50832423264473E1,3.87027690818118E1,P,200,10,2,64,1,,0,1,6,17000,1,,24,1,10005051102-113-113,,
H,1,886779,300,3,10,15000,1,10005051102-114,10005051102,-7.50830512081843E1,3.8703174931037E1,P,300,10,2,62,1,,0,1,6,15000,1,,42,1,10005051102-114-114,,
H,1,674686,300,3,10,21000,1,10005051102-115,10005051102,-7.50834323118912E1,3.8703153175498E1,P,300,10,2,63,1,,0,1,6,21000,1,,11,1,10005051102-115-115,,
H,1,376245,300,3,10,17000,1,10005051102-116,10005051102,-7.50834631963125E1,3.87038939491978E1,P,200,10,2,64,1,,0,1,6,17000,1,,24,1,10005051102-116-116,,
H,1,708669,300,3,10,53900,1,10005051102-117,10005051102,-7.50839681620122E1,3.8703427722262E1,P,104,10,1,62,1,,0,1,6,53900,1,,10,1,10005051102-117-117,,
H,1,303394,300,3,10,15000,1,10005051102-118,10005051102,-7.50844593631688E1,3.87037768690738E1,P,300,10,2,64,1,,0,1,6,15000,1,3600,10,1,10005051102-118-118,,
H,1,150299,300,3,10,23490,1,10005051102-119,10005051102,-7.5084180545926E1,3.8703603322426E1,P,300,10,1,74,1,,0,1,6,23490,1,,39,1,10005051102-119-119,,
H,1,1489760,300,3,10,17600,1,10005051102-120,10005051102,-7.50843685838325E1,3.87035245573961E1,P,101,10,1,73,1,,0,1,6,17600,1,4700,42,1,10005051102-120-120,,
H,1,150299,300,3,10,23490,1,10005051102-121,10005051102,-7.5084414678555E1,3.87037011344011E1,P,300,10,1,74,1,,0,1,6,23490,1,,39,1,10005051102-121-121,,
H,1,1091853,300,3,10,15200,1,10005051102-122,10005051102,-7.508449494164E1,3.8704102119011E1,P,103,10,2,80,1,,0,1,6,15200,1,,42,1,10005051102-122-122,,
H,1,310149,300,3,10,20300,1,10005051102-123,10005051102,-7.50802637017363E1,3.87005890026151E1,P,200,10,2,65,1,,0,1,6,20300,1,8740,10,1,10005051102-123-123,,
H,1,492344,300,3,10,19900,1,10005051102-124,10005051102,-7.50797532864378E1,3.870043489433E1,P,200,10,2,70,1,,0,1,6,19900,1,5000,34,1,10005051102-124-124,,
H,1,764743,300,3,10,15600,1,10005051102-125,10005051102,-7.5080104120422E1,3.87006587401241E1,P,300,10,2,72,1,,0,1,6,15600,1,,1,1,10005051102-125-125,,
H,1,641260,300,3,10,20500,1,10005051102-126,10005051102,-7.50802651065483E1,3.87007979800707E1,P,300,10,2,74,1,,0,1,6,20500,1,,42,1,10005051102-126-126,,
H,1,591149,300,3,10,19200,1,10005051102-127,10005051102,-7.50805755378736E1,3.87009480815548E1,P,300,10,2,66,1,,0,1,6,19200,1,430,42,1,10005051102-127-127,,
H,1,1414327,300,3,10,21870,1,10005051102-128,10005051102,-7.50803907299413E1,3.87010500569856E1,P,200,10,1,72,1,,0,1,6,21870,1,,24,1,10005051102-128-128,,
H,1,908598,300,3,10,17300,1,10005051102-129,10005051102,-7.50813434147378E1,3.87014352777528E1,P,200,10,2,66,1,,0,1,6,17300,1,5400,42,1,10005051102-129-129,,
H,1,284171,300,3,10,17400,1,10005051102-130,10005051102,-7.50813079062821E1,3.87017940451076E1,P,103,10,1,69,1,,0,1,3,17400,1,9920,34,1,10005051102-130-130,,
H,1,1414327,300,3,10,21870,1,10005051102-131,10005051102,-7.5081241936868E1,3.87015650671901E1,P,200,10,1,72,1,,0,1,6,21870,1,,24,1,10005051102-131-131,,
H,1,150299,300,3,10,23490,1,10005051102-132,10005051102,-7.50813818066325E1,3.8701584703388E1,P,300,10,1,74,1,,0,1,6,23490,1,,39,1,10005051102-132-132,,
H,1,908598,300,3,10,17300,1,10005051102-133,10005051102,-7.50809852180163E1,3.87008009511577E1,P,200,10,2,66,1,,0,1,6,17300,1,5400,42,1,10005051102-133-133,,
H,1,1421479,300,3,10,22800,1,10005051102-134,10005051102,-7.50808047269283E1,3.87008097271028E1,P,104,10,2,73,1,,0,1,6,22800,1,5700,10,1,10005051102-134-134,,
H,1,258938,300,3,10,18100,1,10005051102-135,10005051102,-7.50817345042302E1,3.8701716866806E1,P,103,10,2,74,1,,0,1,6,18100,2,,110,1,10005051102-135-135,,
H,1,975699,300,3,10,19500,1,10005051102-136,10005051102,-7.5081805751349E1,3.87021142834036E1,P,300,10,2,71,1,,0,1,6,19500,1,,11,1,10005051102-136-136,,
H,1,641260,300,3,10,20500,1,10005051102-137,10005051102,-7.50819820592925E1,3.87015477203457E1,P,300,10,2,74,1,,0,1,6,20500,1,,42,1,10005051102-137-137,,
H,1,1414327,300,3,10,21870,1,10005051102-138,10005051102,-7.50826637188024E1,3.87020076935113E1,P,200,10,1,72,1,,0,1,6,21870,1,,24,1,10005051102-138-138,,
H,1,1179787,300,3,10,24500,1,10005051102-139,10005051102,-7.50822752179237E1,3.87022122079066E1,P,102,10,2,71,1,,0,1,6,24500,1,,27,1,10005051102-139-139,,
H,1,1348027,300,3,10,23000,1,10005051102-140,10005051102,-7.50823197317483E1,3.87016934495013E1,P,102,10,2,69,1,,0,1,1,23000,1,5120,36,1,10005051102-140-140,,909457194
H,1,808081,300,3,10,24300,1,10005051102-141,10005051102,-7.50822096919074E1,3.87023163676556E1,P,103,10,2,72,1,,0,1,6,24300,1,,42,1,10005051102-141-141,,
H,1,344594,300,3,10,15300,1,10005051102-142,10005051102,-7.50827108878266E1,3.87023152457375E1,P,300,10,1,74,1,,0,1,6,15300,1,,38,1,10005051102-142-142,,
H,1,380815,300,3,10,23100,1,10005051102-143,10005051102,-7.50826830239432E1,3.8702909918427E1,P,300,10,2,65,1,,0,1,3,23100,1,5160,42,1,10005051102-143-143,,
H,1,1254054,300,3,10,24000,1,10005051102-144,10005051102,-7.50828425961994E1,3.87022515839797E1,P,300,10,1,67,1,,0,1,6,24000,1,,51,1,10005051102-144-144,,
H,1,1091853,300,3,10,15200,1,10005051102-145,10005051102,-7.50832425711448E1,3.87026078068933E1,P,103,10,2,80,1,,0,1,6,15200,1,,42,1,10005051102-145-145,,
H,1,1441283,300,3,10,19600,1,10005051102-146,10005051102,-7.50831906187075E1,3.8702791763365E1,P,200,10,2,78,1,,0,1,1,19600,1,4760,10,1,10005051102-146-146,,816368500
H,1,731827,300,3,10,16000,1,10005051102-147,10005051102,-7.50831908453484E1,3.87029390454065E1,P,300,10,2,82,1,,0,1,6,16000,1,,42,1,10005051102-147-147,,
H,1,44404,300,3,10,15600,1,10005051102-148,10005051102,-7.50838684018071E1,3.87032892041076E1,P,300,10,1,76,1,,0,1,6,15600,1,,34,1,10005051102-148-148,,
H,1,438527,300,3,10,21600,1,10005051102-149,10005051102,-7.50838976938404E1,3.8702867896259E1,P,200,10,1,77,1,,0,1,6,21600,1,,48,1,10005051102-149-149,,
H,1,123167,300,3,10,19000,1,10005051102-150,10005051102,-7.50836112297353E1,3.87031093155736E1,P,200,10,1,78,1,,0,1,6,19000,1,,24,1,10005051102-150-150,,
H,1,47897,300,3,10,22000,1,10005051102-151,10005051102,-7.50839520419741E1,3.8703337937485E1,P,300,10,1,78,1,,0,1,6,22000,1,6200,42,1,10005051102-151-151,,
H,1,988823,300,3,10,16910,1,10005051102-152,10005051102,-7.5084082983993E1,3.87034837892062E1,P,300,10,2,82,1,,0,1,6,16910,1,,24,1,10005051102-152-152,,
H,1,123167,300,3,10,19000,1,10005051102-153,10005051102,-7.50838248878621E1,3.8703305362278E1,P,200,10,1,78,1,,0,1,6,19000,1,,24,1,10005051102-153-153,,
H,1,1159006,300,3,10,23550,1,10005051102-154,10005051102,-7.50841706206594E1,3.87033168225602E1,P,300,10,2,78,1,,0,1,6,23550,1,,10,1,10005051102-154-154,,
H,1,1055816,300,3,10,20030,1,10005051102-155,10005051102,-7.5084498933356E1,3.87036993794893E1,P,102,10,2,75,1,,0,1,6,20030,1,,42,1,10005051102-155-155,,
H,1,942056,300,3,10,23000,1,10005051102-156,10005051102,-7.50846882910398E1,3.87040093964488E1,P,101,10,2,81,1,,0,1,6,23000,1,,34,1,10005051102-156-156,,
H,1,44404,300,3,10,15600,1,10005051102-157,10005051102,-7.5085425439897E1,3.87041949620386E1,P,300,10,1,76,1,,0,1,6,15600,1,,34,1,10005051102-157-157,,
H,1,44404,300,3,10,15600,1,10005051102-158,10005051102,-7.50851559569553E1,3.8704075795077E1,P,300,10,1,76,1,,0,1,6,15600,1,,34,1,10005051102-158-158,,
H,1,1465230,300,3,10,18000,1,10005051102-159,10005051102,-7.50847965657802E1,3.87037643509845E1,P,300,10,1,78,1,,0,1,6,18000,1,,10,1,10005051102-159-159,,
H,1,1091853,300,3,10,15200,1,10005051102-160,10005051102,-7.50782419049214E1,3.86993295218751E1,P,103,10,2,80,1,,0,1,6,15200,1,,42,1,10005051102-160-160,,
H,1,1345599,300,3,10,22004,1,10005051102-161,10005051102,-7.5078389315948E1,3.86996316000571E1,P,200,10,2,75,1,,0,1,6,22004,2,,110,1,10005051102-161-161,,
H,1,438527,300,3,10,21600,1,10005051102-162,10005051102,-7.50782129505275E1,3.8699524970981E1,P,200,10,1,77,1,,0,1,6,21600,1,,48,1,10005051102-162-162,,
H,1,1055816,300,3,10,20030,1,10005051102-163,10005051102,-7.50789881695535E1,3.86999440444006E1,P,102,10,2,75,1,,0,1,6,20030,1,,42,1,10005051102-163-163,,
H,1,646561,300,3,10,18000,1,10005051102-164,10005051102,-7.50782974512412E1,3.8699614071E1,P,102,10,2,82,1,,0,1,6,18000,1,,42,1,10005051102-164-164,,
H,1,1269266,300,3,10,18200,1,10005051102-165,10005051102,-7.50791077340571E1,3.87000430168361E1,P,102,10,1,81,1,,0,1,6,18200,1,,56,1,10005051102-165-165,,
H,1,44404,300,3,10,15600,1,10005051102-166,10005051102,-7.50798533097477E1,3.86999633210332E1,P,300,10,1,76,1,,0,1,6,15600,1,,34,1,10005051102-166-166,,
H,1,403110,300,3,10,15000,1,10005051102-167,10005051102,-7.50793042288622E1,3.87002185364547E1,P,200,10,2,90,1,,0,1,6,15000,1,,42,1,10005051102-167-167,,
H,1,246707,300,3,10,21300,1,10005051102-168,10005051102,-7.5079332104551E1,3.87000228706952E1,P,300,10,2,93,1,,0,1,6,21300,1,,24,1,10005051102-168-168,,
H,1,136553,300,3,10,24000,1,10005051102-169,10005051102,-7.50783991050666E1,3.86994123488014E1,P,103,10,2,86,1,,0,1,6,24000,1,,20,1,10005051102-169-169,,
H,1,1185809,300,3,10,19900,1,10005051102-170,10005051102,-7.50785074692507E1,3.86996364510242E1,P,200,10,2,93,1,,0,1,6,19900,1,,10,1,10005051102-170-170,,
H,1,136553,300,3,10,24000,1,10005051102-171,10005051102,-7.50786771830015E1,3.86996561451763E1,P,103,10,2,86,1,,0,1,6,24000,1,,20,1,10005051102-171-171,,
H,1,70508,300,3,10,21700,1,10005051102-172,10005051102,-7.5079108666719E1,3.87000141268288E1,P,200,10,1,93,1,,0,1,6,21700,1,,301,1,10005051102-172-172,,
H,1,70727,300,3,10,19900,1,10005051102-173,10005051102,-7.50792357601091E1,3.87000944517536E1,P,102,10,2,90,1,,0,1,6,19900,1,,42,1,10005051102-173-173,,
H,1,84601,300,3,10,19500,1,10005051102-174,10005051102,-7.50793153350377E1,3.87001096872785E1,P,300,10,2,87,1,,0,1,6,19500,1,,10,1,10005051102-174-174,,
H,1,798680,300,3,10,24000,1,10005051102-175,10005051102,-7.50790928531694E1,3.87001923895057E1,P,300,10,2,89,1,,0,1,6,24000,1,,24,1,10005051102-175-175,,
H,1,1063677,300,3,10,15800,1,10005051102-176,10005051102,-7.50794817507334E1,3.87002529146403E1,P,101,10,1,85,1,,0,1,6,15800,1,,10,1,10005051102-176-176,,
H,1,1064051,300,3,10,16800,1,10005051102-177,10005051102,-7.50794127522657E1,3.87001961877868E1,P,300,10,2,89,1,,0,1,6,16800,1,,10,1,10005051102-177-177,,
H,1,1426616,300,3,10,21000,1,10005051102-178,10005051102,-7.5079718318674E1,3.87004213824647E1,P,102,10,2,86,1,,0,1,6,21000,1,,42,1,10005051102-178-178,,
H,1,136553,300,3,10,24000,1,10005051102-179,10005051102,-7.50797313344118E1,3.87001177186514E1,P,103,10,2,86,1,,0,1,6,24000,1,,20,1,10005051102-179-179,,
H,1,70727,300,3,10,19900,1,10005051102-180,10005051102,-7.50772315589232E1,3.86984076560121E1,P,102,10,2,90,1,,0,1,6,19900,1,,42,1,10005051102-180-180,,
H,1,798680,300,3,10,24000,1,10005051102-181,10005051102,-7.507751936826E1,3.86989602341437E1,P,300,10,2,89,1,,0,1,6,24000,1,,24,1,10005051102-181-181,,
H,1,644880,300,3,10,21950,1,10005051102-182,10005051102,-7.5077080814072E1,3.8698516135695E1,P,102,10,2,88,1,,0,1,6,21950,1,,42,1,10005051102-182-182,,
H,1,1432424,300,3,10,16200,1,10005051102-183,10005051102,-7.50769978175047E1,3.86985569455047E1,P,200,10,2,85,1,,0,1,6,16200,1,,11,1,10005051102-183-183,,
H,1,1185809,300,3,10,19900,1,10005051102-184,10005051102,-7.50771360512948E1,3.86993161586744E1,P,200,10,2,93,1,,0,1,6,19900,1,,10,1,10005051102-184-184,,
H,1,1123689,300,3,10,16700,1,10005051102-185,10005051102,-7.50775012730077E1,3.86987316732335E1,P,102,10,1,88,1,,0,1,6,16700,1,4760,10,1,10005051102-185-185,,
H,1,84601,300,3,10,19500,1,10005051102-186,10005051102,-7.50776451711967E1,3.86990764431963E1,P,300,10,2,87,1,,0,1,6,19500,1,,10,1,10005051102-186-186,,
H,1,217253,300,3,10,20090,1,10005051102-187,10005051102,-7.5077623813112E1,3.86991018758362E1,P,200,10,2,93,1,,0,1,6,20090,1,,10,1,10005051102-187-187,,
H,1,760176,300,3,10,15600,1,10005051102-188,10005051102,-7.50780659580988E1,3.8698840655717E1,P,102,10,1,93,1,,0,1,6,15600,1,,36,1,10005051102-188-188,,
H,1,70508,300,3,10,21700,1,10005051102-189,10005051102,-7.50776518746116E1,3.8698838461547E1,P,200,10,1,93,1,,0,1,6,21700,1,,301,1,10005051102-189-189,,
H,1,644880,300,3,10,21950,1,10005051102-190,10005051102,-7.5077033577891E1,3.86988274085974E1,P,102,10,2,88,1,,0,1,6,21950,1,,42,1,10005051102-190-190,,
H,1,1426616,300,3,10,21000,1,10005051102-191,10005051102,-7.50769048364682E1,3.86987740559111E1,P,102,10,2,86,1,,0,1,6,21000,1,,42,1,10005051102-191-191,,
H,1,1185809,300,3,10,19900,1,10005051102-192,10005051102,-7.50771609792153E1,3.86982928612922E1,P,200,10,2,93,1,,0,1,6,19900,1,,10,1,10005051102-192-192,,
H,1,1123689,300,3,10,16700,1,10005051102-193,10005051102,-7.50775708829788E1,3.86989223761696E1,P,102,10,1,88,1,,0,1,6,16700,1,4760,10,1,10005051102-193-193,,
H,1,70727,300,3,10,19900,1,10005051102-194,10005051102,-7.5077529936468E1,3.8698724973996E1,P,102,10,2,90,1,,0,1,6,19900,1,,42,1,10005051102-194-194,,
H,1,547296,300,3,10,20980,1,10005051102-195,10005051102,-7.50777109287603E1,3.86989314025237E1,P,103,10,2,93,1,,0,1,6,20980,1,,10,1,10005051102-195-195,,
H,1,70727,300,3,10,19900,1,10005051102-196,10005051102,-7.50782947044043E1,3.86989793868578E1,P,102,10,2,90,1,,0,1,6,19900,1,,42,1,10005051102-196-196,,
H,1,798680,300,3,10,24000,1,10005051102-197,10005051102,-7.5077876713994E1,3.8699468290409E1,P,300,10,2,89,1,,0,1,6,24000,1,,24,1,10005051102-197-197,,
H,1,1185809,300,3,10,19900,1,10005051102-198,10005051102,-7.50757023840382E1,3.86985376652237E1,P,200,10,2,93,1,,0,1,6,19900,1,,10,1,10005051102-198-198,,
H,1,409159,300,3,10,15500,1,10005051102-199,10005051102,-7.5075657262229E1,3.86983969819721E1,P,300,10,2,89,1,,0,1,6,15500,1,,10,1,10005051102-199-199,,
H,1,246707,300,3,10,21300,1,10005051102-200,10005051102,-7.50764611334882E1,3.86985976666848E1,P,300,10,2,93,1,,0,1,6,21300,1,,24,1,10005051102-200-200,,
H,1,1432424,300,3,10,16200,1,10005051102-201,10005051102,-7.50758561335418E1,3.86985495006877E1,P,200,10,2,85,1,,0,1,6,16200,1,,11,1,10005051102-201-201,,
H,1,1426616,300,3,10,21000,1,10005051102-202,10005051102,-7.5076414712055E1,3.86986329690541E1,P,102,10,2,86,1,,0,1,6,21000,1,,42,1,10005051102-202-202,,
H,1,246707,300,3,10,21300,1,10005051102-203,10005051102,-7.50771000481958E1,3.86985590203964E1,P,300,10,2,93,1,,0,1,6,21300,1,,24,1,10005051102-203-203,,
H,1,798680,300,3,10,24000,1,10005051102-204,10005051102,-7.50763914870447E1,3.86985004446461E1,P,300,10,2,89,1,,0,1,6,24000,1,,24,1,10005051102-204-204,,
H,1,798680,300,3,10,24000,1,10005051102-205,10005051102,-7.50763123274431E1,3.86985348022944E1,P,300,10,2,89,1,,0,1,6,24000,1,,24,1,10005051102-205-205,,
H,1,217253,300,3,10,20090,1,10005051102-206,10005051102,-7.50761547670891E1,3.86993223271116E1,P,200,10,2,93,1,,0,1,6,20090,1,,10,1,10005051102-206-206,,
H,1,409159,300,3,10,15500,1,10005051102-207,10005051102,-7.50767158073297E1,3.86994671171321E1,P,300,10,2,89,1,,0,1,6,15500,1,,10,1,10005051102-207-207,,
H,1,547296,300,3,10,20980,1,10005051102-208,10005051102,-7.5076705287577E1,3.86994735763697E1,P,103,10,2,93,1,,0,1,6,20980,1,,10,1,10005051102-208-208,,
H,1,891630,300,3,10,21100,1,10005051102-209,10005051102,-7.50776236337004E1,3.86989727778155E1,P,300,10,1,46,1,,0,3,1,21100,1,9610,36,8,10005051102-209-209,,367455011
H,1,483547,300,3,10,20000,1,10005051102-210,10005051102,-7.50772333026274E1,3.86991321773145E1,P,103,10,2,55,1,,0,1,1,20000,2,120,341,9,10005051102-210-210,,258739754
H,1,483547,300,3,10,20000,1,10005051102-211,10005051102,-7.50774027904013E1,3.86989776583147E1,P,103,10,2,55,1,,0,1,1,20000,2,120,341,9,10005051102-211-211,,597617893
H,1,945922,300,3,10,16200,1,10005051102-212,10005051102,-7.5076087246864E1,3.869871389434E1,P,101,10,2,76,1,,0,1,6,16200,1,,25,9,10005051102-212-212,,
H,1,945922,300,3,10,16200,1,10005051102-213,10005051102,-7.50756364755822E1,3.8699143809044E1,P,101,10,2,76,1,,0,1,6,16200,1,,25,9,10005051102-213-213,,
H,1,431262,300,3,10,27800,1,10005051102-214,10005051102,-7.50760130666242E1,3.8699356801351E1,P,300,10,1,46,2,15,0,1,1,27800,1,7420,42,1,10005051102-214-214,,121565865
H,1,1038094,300,3,10,34000,1,10005051102-215,10005051102,-7.50761945889333E1,3.8699040101821E1,P,300,10,2,42,1,,0,1,1,34000,1,5260,11,1,10005051102-215-215,,909457079
H,1,1038094,300,3,10,34000,1,10005051102-216,10005051102,-7.50785367204797E1,3.8699728141159E1,P,300,10,2,42,1,,0,1,1,34000,1,5260,11,1,10005051102-216-216,,493540785
H,1,831722,300,3,10,32000,1,10005051102-217,10005051102,-7.50759561336705E1,3.86989824094516E1,P,102,10,1,46,1,,0,1,1,32000,1,2830,10,1,10005051102-217-217,,455353581
H,1,255040,300,3,10,27000,1,10005051102-218,10005051102,-7.50757994521736E1,3.86988321222943E1,P,300,10,2,49,1,,0,1,1,27000,1,3800,42,1,10005051102-218-218,,1704683
H,1,70722,300,3,10,32000,1,10005051102-219,10005051102,-7.50758116537081E1,3.86991925965637E1,P,300,10,2,54,1,,0,1,1,32000,1,740,34,1,10005051102-219-219,,816368500
H,1,70722,300,3,10,32000,1,10005051102-220,10005051102,-7.50757149357935E1,3.86985972546785E1,P,300,10,2,54,1,,0,1,1,32000,1,740,34,1,10005051102-220-220,,223597733
H,1,31184,300,3,10,31200,1,10005051102-221,10005051102,-7.5077904205466E1,3.86999966142521E1,P,103,10,1,57,1,,0,1,1,31200,1,5510,39,1,10005051102-221-221,,423041953
H,1,126191,300,3,10,27100,1,10005051102-222,10005051102,-7.50757887196422E1,3.86996883194065E1,P,200,10,2,56,3,16,0,1,1,27100,1,3255,10,1,10005051102-222-222,,678075086
H,1,953055,300,3,10,30600,1,10005051102-223,10005051102,-7.5077283266007E1,3.86999500471191E1,P,200,10,1,56,1,,0,1,1,30600,2,5620,109,1,10005051102-223-223,,423037126
H,1,207189,300,3,10,27000,1,10005051102-224,10005051102,-7.50769942079473E1,3.86998171283671E1,P,103,10,2,59,1,,0,1,1,27000,1,2540,6,1,10005051102-224-224,,987673597
H,1,391944,300,3,10,34000,1,10005051102-225,10005051102,-7.50776607559651E1,3.86997326622037E1,P,104,10,2,58,1,,0,1,6,34000,1,7420,10,1,10005051102-225-225,,
H,1,31184,300,3,10,31200,1,10005051102-226,10005051102,-7.5075814944017E1,3.86997716598028E1,P,103,10,1,57,1,,0,1,1,31200,1,5510,39,1,10005051102-226-226,,545158602
H,1,391944,300,3,10,34000,1,10005051102-227,10005051102,-7.50775299222007E1,3.86998286061607E1,P,104,10,2,58,1,,0,1,6,34000,1,7420,10,1,10005051102-227-227,,
H,1,270309,300,3,10,30800,1,10005051102-228,10005051102,-7.5077760038945E1,3.8699877070315E1,P,102,10,2,64,1,,0,1,1,30800,1,2145,10,1,10005051102-228-228,,240699546
H,1,1462996,300,3,10,28900,1,10005051102-229,10005051102,-7.5078012868711E1,3.86997071578823E1,P,300,10,2,61,1,,0,1,6,28900,1,4130,24,1,10005051102-229-229,,
H,1,1122431,300,3,10,34000,1,10005051102-230,10005051102,-7.50763575669193E1,3.87002782905451E1,P,200,10,2,61,1,,0,1,1,34000,1,830,10,1,10005051102-230-230,,1704683
H,1,956692,300,3,10,25300,1,10005051102-231,10005051102,-7.50774883691766E1,3.8700200539342E1,P,300,10,1,64,1,,0,1,6,25300,1,,24,1,10005051102-231-231,,
H,1,746883,300,3,10,32000,1,10005051102-232,10005051102,-7.50762136396916E1,3.86997633626144E1,P,102,10,2,60,1,,0,1,1,32000,1,5700,18,1,10005051102-232-232,,816243778
H,1,270309,300,3,10,30800,1,10005051102-233,10005051102,-7.50771784099856E1,3.86997482818658E1,P,102,10,2,64,1,,0,1,1,30800,1,2145,10,1,10005051102-233-233,,423032895
H,1,379658,300,3,10,26700,1,10005051102-234,10005051102,-7.5076306875549E1,3.86997897151097E1,P,300,10,2,62,1,,0,1,6,26700,1,1010,54,1,10005051102-234-234,,
H,1,9863,300,3,10,28600,1,10005051102-235,10005051102,-7.50759901529511E1,3.8699397088768E1,P,300,10,2,67,1,,0,1,6,28600,1,2540,24,1,10005051102-235-235,,
H,1,1052007,300,3,10,33040,1,10005051102-236,10005051102,-7.50757995791835E1,3.86998402536007E1,P,102,10,2,74,1,,0,1,6,33040,1,,10,1,10005051102-236-236,,
H,1,1052007,300,3,10,33040,1,10005051102-237,10005051102,-7.50758990046976E1,3.86999676888681E1,P,102,10,2,74,1,,0,1,6,33040,1,,10,1,10005051102-237-237,,
H,1,932498,300,3,10,27000,1,10005051102-238,10005051102,-7.50758127592438E1,3.87005588906956E1,P,104,10,2,71,1,,0,1,6,27000,1,,6,1,10005051102-238-238,,
H,1,123800,300,3,10,25000,1,10005051102-239,10005051102,-7.50760618718548E1,3.87005623766787E1,P,300,10,1,69,1,,0,1,6,25000,1,430,24,1,10005051102-239-239,,
H,1,1212233,300,3,10,30500,1,10005051102-240,10005051102,-7.50758538245484E1,3.87003863250881E1,P,102,10,1,71,3,16,0,1,6,30500,1,,10,1,10005051102-240-240,,
H,1,1074001,300,3,10,33700,1,10005051102-241,10005051102,-7.50762447896874E1,3.86998741847707E1,P,300,10,2,74,1,,0,1,1,33700,1,430,36,1,10005051102-241-241,,544353
H,1,566591,300,3,10,27800,1,10005051102-242,10005051102,-7.5076128389846E1,3.87008641001552E1,P,103,10,2,65,1,,0,1,6,27800,1,5700,24,1,10005051102-242-242,,
H,1,1287336,300,3,10,31500,1,10005051102-243,10005051102,-7.50758512478944E1,3.8700632621969E1,P,104,10,1,71,1,,0,1,1,31500,1,9130,34,1,10005051102-243-243,,493525323
H,1,1212233,300,3,10,30500,1,10005051102-244,10005051102,-7.50763287246093E1,3.87009189839415E1,P,102,10,1,71,3,16,0,1,6,30500,1,,10,1,10005051102-244-244,,
H,1,1266409,300,3,10,34300,1,10005051102-245,10005051102,-7.50763675288397E1,3.87010237726528E1,P,300,10,2,69,1,,0,1,1,34300,1,5700,24,1,10005051102-245-245,,965716327
H,1,932498,300,3,10,27000,1,10005051102-246,10005051102,-7.5076548741534E1,3.87019185842268E1,P,104,10,2,71,1,,0,1,6,27000,1,,6,1,10005051102-246-246,,
H,1,1266409,300,3,10,34300,1,10005051102-247,10005051102,-7.50758740320805E1,3.87015060676787E1,P,300,10,2,69,1,,0,1,1,34300,1,5700,24,1,10005051102-247-247,,455365403
H,1,461992,300,3,10,29770,1,10005051102-248,10005051102,-7.50763683417688E1,3.87015957945773E1,P,300,10,2,67,1,,0,1,6,29770,1,,10,1,10005051102-248-248,,
H,1,1074001,300,3,10,33700,1,10005051102-249,10005051102,-7.5076101122276E1,3.87016378569077E1,P,300,10,2,74,1,,0,1,1,33700,1,430,36,1,10005051102-249-249,,455364729
H,1,448112,300,3,10,33200,1,10005051102-250,10005051102,-7.50762817548487E1,3.87022796909266E1,P,102,10,2,72,1,,0,1,6,33200,1,5360,10,1,10005051102-250-250,,
H,1,9863,300,3,10,28600,1,10005051102-251,10005051102,-7.50762479337061E1,3.8702805195748E1,P,300,10,2,67,1,,0,1,6,28600,1,2540,24,1,10005051102-251-251,,
H,1,1240781,300,3,10,28100,1,10005051102-252,10005051102,-7.50766620177497E1,3.87025564767096E1,P,103,10,2,81,1,,0,1,6,28100,2,,119,1,10005051102-252-252,,
H,1,342319,300,3,10,26400,1,10005051102-253,10005051102,-7.507640383404E1,3.87025243096235E1,P,300,10,2,77,1,,0,1,6,26400,1,,34,1,10005051102-253-253,,
H,1,1386590,300,3,10,25100,1,10005051102-254,10005051102,-7.50787698308425E1,3.8701123183313E1,P,102,10,2,78,1,,0,1,6,25100,1,5240,42,1,10005051102-254-254,,
H,1,310548,300,3,10,31500,1,10005051102-255,10005051102,-7.50786016740094E1,3.87014784830608E1,P,102,10,2,83,1,,0,1,6,31500,1,,42,1,10005051102-255-255,,
H,1,794972,300,3,10,27200,1,10005051102-256,10005051102,-7.50785650363334E1,3.87015740566315E1,P,300,10,1,81,1,,0,1,1,27200,1,2750,26,1,10005051102-256-256,,307843334
H,1,1386590,300,3,10,25100,1,10005051102-257,10005051102,-7.50786427460392E1,3.87015861438015E1,P,102,10,2,78,1,,0,1,6,25100,1,5240,42,1,10005051102-257-257,,
H,1,1220473,300,3,10,30800,1,10005051102-258,10005051102,-7.5078457042686E1,3.87020282403303E1,P,101,10,2,76,1,,0,1,6,30800,1,5120,10,1,10005051102-258-258,,
H,1,1220473,300,3,10,30800,1,10005051102-259,10005051102,-7.50784253343895E1,3.87022375077406E1,P,101,10,2,76,1,,0,1,6,30800,1,5120,10,1,10005051102-259-259,,
H,1,1240012,300,3,10,25600,1,10005051102-260,10005051102,-7.50785266206046E1,3.87024510483456E1,P,102,10,1,77,1,,0,1,6,25600,1,,10,1,10005051102-260-260,,
H,1,127438,300,3,10,34490,1,10005051102-261,10005051102,-7.50787864182173E1,3.87019296702441E1,P,103,10,2,84,1,,0,1,6,34490,1,,54,1,10005051102-261-261,,
H,1,1240781,300,3,10,28100,1,10005051102-262,10005051102,-7.50788803767794E1,3.87012420876748E1,P,103,10,2,81,1,,0,1,6,28100,2,,119,1,10005051102-262-262,,
H,1,794972,300,3,10,27200,1,10005051102-263,10005051102,-7.50791133555601E1,3.87007992031602E1,P,300,10,1,81,1,,0,1,1,27200,1,2750,26,1,10005051102-263-263,,493546527
H,1,104565,300,3,10,27000,1,10005051102-264,10005051102,-7.5077716290402E1,3.87013319884648E1,P,200,10,2,75,1,,0,1,6,27000,1,,10,1,10005051102-264-264,,
H,1,350228,300,3,10,34040,1,10005051102-265,10005051102,-7.50771163051455E1,3.87012902281768E1,P,101,10,1,76,1,,0,1,6,34040,1,,42,1,10005051102-265-265,,
H,1,246589,300,3,10,26300,1,10005051102-266,10005051102,-7.50768085640414E1,3.87012640976544E1,P,102,10,2,79,1,,0,1,1,26300,1,4230,42,1,10005051102-266-266,,8306680
H,1,1240781,300,3,10,28100,1,10005051102-267,10005051102,-7.50777662098783E1,3.87012763707161E1,P,103,10,2,81,1,,0,1,6,28100,2,,119,1,10005051102-267-267,,
H,1,302350,300,3,10,25400,1,10005051102-268,10005051102,-7.50764302134935E1,3.87012271541902E1,P,200,10,1,83,1,,0,1,6,25400,1,,20,1,10005051102-268-268,,
H,1,1290003,300,3,10,31000,1,10005051102-269,10005051102,-7.5076441925435E1,3.87014043811851E1,P,102,10,1,83,1,,0,1,6,31000,1,,34,1,10005051102-269-269,,
H,1,527786,300,3,10,33800,1,10005051102-270,10005051102,-7.50779543753698E1,3.87012580996292E1,P,103,10,2,89,1,,0,1,6,33800,1,,42,1,10005051102-270-270,,
H,1,421763,300,3,10,30400,1,10005051102-271,10005051102,-7.5076714531159E1,3.87013708936952E1,P,104,10,2,85,1,,0,1,6,30400,1,,10,1,10005051102-271-271,,
H,1,213619,300,3,10,33100,1,10005051102-272,10005051102,-7.50765378412262E1,3.87014392191816E1,P,300,10,1,86,1,,0,1,6,33100,1,,42,1,10005051102-272-272,,
H,1,127258,300,3,10,27800,1,10005051102-273,10005051102,-7.50785562716873E1,3.87012213165124E1,P,101,10,2,88,1,,0,1,6,27800,1,,10,1,10005051102-273-273,,
H,1,660603,300,3,10,30800,1,10005051102-274,10005051102,-7.5077113071849E1,3.87008133973467E1,P,102,10,2,88,1,,0,1,6,30800,1,4800,10,1,10005051102-274-274,,
H,1,758137,300,3,10,69800,1,10005051102-275,10005051102,-7.50782489005906E1,3.8700811296974E1,P,300,10,2,60,1,,0,1,1,69800,1,2200,39,1,10005051102-275-275,,355789637
H,1,527786,300,3,10,33800,1,10005051102-276,10005051102,-7.50770244920666E1,3.87008021111685E1,P,103,10,2,89,1,,0,1,6,33800,1,,42,1,10005051102-276-276,,
H,1,527786,300,3,10,33800,1,10005051102-277,10005051102,-7.50779192588546E1,3.8700660736916E1,P,103,10,2,89,1,,0,1,6,33800,1,,42,1,10005051102-277-277,,
H,1,213619,300,3,10,33100,1,10005051102-278,10005051102,-7.50767243009661E1,3.87001666904354E1,P,300,10,1,86,1,,0,1,6,33100,1,,42,1,10005051102-278-278,,
H,1,421763,300,3,10,30400,1,10005051102-279,10005051102,-7.50762792550612E1,3.8700777767928E1,P,104,10,2,85,1,,0,1,6,30400,1,,10,1,10005051102-279-279,,
H,1,127258,300,3,10,27800,1,10005051102-280,10005051102,-7.50765078385926E1,3.87005978647422E1,P,101,10,2,88,1,,0,1,6,27800,1,,10,1,10005051102-280-280,,
H,1,725318,300,3,10,30300,1,10005051102-281,10005051102,-7.50775256888476E1,3.87003613459311E1,P,300,10,2,86,1,,0,1,6,30300,1,,34,1,10005051102-281-281,,
H,1,950236,300,3,10,26190,1,10005051102-282,10005051102,-7.50765681003186E1,3.87003664595813E1,P,300,10,2,90,1,,0,1,6,26190,2,,157,1,10005051102-282-282,,
H,1,421763,300,3,10,30400,1,10005051102-283,10005051102,-7.50762889591624E1,3.87008456833567E1,P,104,10,2,85,1,,0,1,6,30400,1,,10,1,10005051102-283-283,,
H,1,638988,300,3,10,27400,1,10005051102-284,10005051102,-7.50769515031422E1,3.8700168372871E1,P,102,10,2,93,1,,0,1,6,27400,1,,42,1,10005051102-284-284,,
H,1,213619,300,3,10,33100,1,10005051102-285,10005051102,-7.50782646218135E1,3.87005478954962E1,P,300,10,1,86,1,,0,1,6,33100,1,,42,1,10005051102-285-285,,
H,1,1101426,300,3,10,97800,1,10005051102-286,10005051102,-7.50775119875711E1,3.87004379719505E1,P,101,10,2,86,1,,0,1,6,97800,1,,42,1,10005051102-286-286,,
H,1,213619,300,3,10,33100,1,10005051102-287,10005051102,-7.50764429322562E1,3.87007917047941E1,P,300,10,1,86,1,,0,1,6,33100,1,,42,1,10005051102-287-287,,
H,1,638988,300,3,10,27400,1,10005051102-288,10005051102,-7.50767199168197E1,3.87007434504823E1,P,102,10,2,93,1,,0,1,6,27400,1,,42,1,10005051102-288-288,,
H,1,226264,300,3,10,28800,1,10005051102-289,10005051102,-7.50779047604164E1,3.8700251938091E1,P,103,10,1,85,1,,0,1,6,28800,1,,10,1,10005051102-289-289,,
H,1,1035507,300,3,10,32000,1,10005051102-290,10005051102,-7.50781891969392E1,3.87002298876222E1,P,101,10,1,42,1,,0,2,3,32000,2,3640,303,8,10005051102-290-290,,
H,1,1403489,300,3,10,47000,1,10005051102-291,10005051102,-7.50790496393267E1,3.87002678213137E1,P,103,10,1,28,1,,0,1,6,47000,1,,10,1,10005051102-291-291,,
H,1,1039159,300,3,10,45000,1,10005051102-292,10005051102,-7.50787143772768E1,3.86999580417542E1,P,102,10,2,36,1,,0,1,1,45000,1,3300,10,1,10005051102-292-292,,8672347
H,1,867418,300,3,10,38000,1,10005051102-293,10005051102,-7.50790813298647E1,3.8700339579214E1,P,102,10,1,44,1,,0,1,1,38000,1,4250,10,1,10005051102-293-293,,423041425
H,1,388761,300,3,10,45000,1,10005051102-294,10005051102,-7.50781973833765E1,3.8699977973067E1,P,103,10,1,36,1,,0,1,1,45000,1,160,10,1,10005051102-294-294,,597617893
H,1,1113712,300,3,10,40000,1,10005051102-295,10005051102,-7.5078377545485E1,3.87002096720541E1,P,103,10,2,41,1,,0,1,1,40000,1,2000,42,1,10005051102-295-295,,597617893
H,1,388761,300,3,10,45000,1,10005051102-296,10005051102,-7.50784111614947E1,3.86999237464455E1,P,103,10,1,36,1,,0,1,1,45000,1,160,10,1,10005051102-296-296,,121608871
H,1,131874,300,3,10,39000,1,10005051102-297,10005051102,-7.50783643598015E1,3.8700201800497E1,P,102,10,1,42,1,,0,1,1,39000,1,7200,42,1,10005051102-297-297,,816245120
H,1,286527,300,3,10,35000,1,10005051102-298,10005051102,-7.50783726078997E1,3.8700200803906E1,P,101,10,2,44,1,,0,1,2,35000,1,5120,10,1,10005051102-298-298,,816368500
H,1,896641,300,3,10,40000,2,10005051102-299,10005051102,-7.50781555734486E1,3.87004416455626E1,P,103,10,2,47,1,,0,1,6,0,1,,42,1,10005051102-299-299,,
H,1,896641,300,3,10,40000,2,10005051102-299,10005051102,-7.50781555734486E1,3.87004416455626E1,P,103,10,1,44,1,,1,1,1,40000,1,800,10,1,10005051102-299-300,,816199483
H,1,431522,300,3,10,46800,1,10005051102-300,10005051102,-7.50783779188117E1,3.8700091082742E1,P,300,10,2,49,1,,0,1,1,46800,1,8965,34,1,10005051102-300-301,,455363887
H,1,374820,300,3,10,36000,1,10005051102-301,10005051102,-7.50785203245583E1,3.87008969118786E1,P,103,10,1,53,1,,0,1,1,36000,1,120,20,1,10005051102-301-302,,593218522
H,1,1411096,300,3,10,35030,1,10005051102-302,10005051102,-7.50790004422273E1,3.87018160302927E1,P,300,10,2,52,1,,0,1,1,35030,1,5120,10,1,10005051102-302-303,,678142837
H,1,559499,300,3,10,49120,1,10005051102-303,10005051102,-7.50791579787203E1,3.870211215919E1,P,101,10,2,46,1,,0,1,1,49120,1,5700,10,1,10005051102-303-304,,455354506
H,1,340434,300,3,10,40000,1,10005051102-304,10005051102,-7.5078643646474E1,3.87016169320005E1,P,200,10,1,48,1,,0,1,1,40000,1,6220,24,1,10005051102-304-305,,305419970
H,1,1239928,300,3,10,36600,1,10005051102-305,10005051102,-7.50790635386346E1,3.87014839055855E1,P,300,10,2,52,1,,0,1,1,36600,1,5110,36,1,10005051102-305-306,,816368500
H,1,936745,300,3,10,47000,1,10005051102-306,10005051102,-7.50789929355461E1,3.87019216199091E1,P,104,10,1,49,1,,0,1,1,47000,1,7340,42,1,10005051102-306-307,,816259253
H,1,987491,300,3,10,42000,1,10005051102-307,10005051102,-7.50787979162296E1,3.87014454305073E1,P,101,10,2,49,1,,0,1,1,42000,1,3930,10,1,10005051102-307-308,,309003499
H,1,348891,300,3,10,43300,1,10005051102-308,10005051102,-7.50762519874425E1,3.87018967519902E1,P,300,10,1,49,1,,0,1,1,43300,1,5240,42,1,10005051102-308-309,,545158602
H,1,959859,300,3,10,46000,1,10005051102-309,10005051102,-7.50762918104471E1,3.87023257755574E1,P,102,10,2,58,1,,0,1,1,46000,2,5900,128,1,10005051102-309-310,,698179827
H,1,853333,300,3,10,40700,1,10005051102-310,10005051102,-7.50780572889132E1,3.8701847333979E1,P,102,10,2,58,1,,0,1,1,40700,1,4250,48,1,10005051102-310-311,,909461444
H,1,89349,300,3,10,45000,1,10005051102-311,10005051102,-7.50782807329551E1,3.87022231532526E1,P,200,10,2,59,1,,0,1,1,45000,1,1107,10,1,10005051102-311-312,,252597000
H,1,1303716,300,3,10,44600,1,10005051102-312,10005051102,-7.50780759918251E1,3.87021074132563E1,P,103,10,2,59,1,,0,1,1,44600,1,4760,34,1,10005051102-312-313,,400834412
H,1,417634,300,3,10,46200,1,10005051102-313,10005051102,-7.50785814333378E1,3.8701822205166E1,P,300,10,1,58,1,,0,1,1,46200,1,7330,42,1,10005051102-313-314,,946977923
H,1,417634,300,3,10,46200,1,10005051102-314,10005051102,-7.5078424895014E1,3.87019420063917E1,P,300,10,1,58,1,,0,1,1,46200,1,7330,42,1,10005051102-314-315,,695681163
H,1,1145786,300,3,10,45000,1,10005051102-315,10005051102,-7.50765237864982E1,3.87022113001573E1,P,101,10,1,58,1,,0,1,6,45000,1,,10,1,10005051102-315-316,,
H,1,639770,300,3,10,37010,1,10005051102-316,10005051102,-7.5078341944537E1,3.87016546476323E1,P,200,10,1,55,1,,0,1,1,37010,1,6515,6,1,10005051102-316-317,,452187800
H,1,639770,300,3,10,37010,1,10005051102-317,10005051102,-7.50774151632398E1,3.8701680945743E1,P,200,10,1,55,1,,0,1,1,37010,1,6515,6,1,10005051102-317-318,,472708692
H,1,1145786,300,3,10,45000,1,10005051102-318,10005051102,-7.50773486135208E1,3.87020817447456E1,P,101,10,1,58,1,,0,1,6,45000,1,,10,1,10005051102-318-319,,
H,1,1145786,300,3,10,45000,1,10005051102-319,10005051102,-7.50767859577637E1,3.87020769419968E1,P,101,10,1,58,1,,0,1,6,45000,1,,10,1,10005051102-319-320,,
H,1,927582,300,3,10,38000,1,10005051102-320,10005051102,-7.50803507096508E1,3.87011610525166E1,P,300,10,1,63,1,,0,1,1,38000,1,1900,36,1,10005051102-320-321,,472707504
H,1,1161050,300,3,10,48000,1,10005051102-321,10005051102,-7.50804761564321E1,3.87009528906305E1,P,103,10,2,62,1,,0,1,1,48000,1,5700,10,1,10005051102-321-322,,966222408
H,1,698003,300,3,10,44800,1,10005051102-322,10005051102,-7.50799938398003E1,3.87018113885054E1,P,103,10,2,61,1,,0,1,6,44800,1,2310,9,1,10005051102-322-323,,
H,1,273803,300,3,10,40000,1,10005051102-323,10005051102,-7.50798116555488E1,3.87011183749572E1,P,300,10,2,61,1,,0,1,6,40000,1,430,5,1,10005051102-323-324,,
H,1,361347,300,3,10,37800,1,10005051102-324,10005051102,-7.50799617992601E1,3.87015265242222E1,P,104,10,1,64,1,,0,23,6,37800,1,,36,1,10005051102-324-325,,
H,1,633957,300,3,10,42000,1,10005051102-325,10005051102,-7.50774601256026E1,3.87023711340388E1,P,102,10,2,64,1,,0,1,1,42000,1,2016,10,1,10005051102-325-326,,374755510
H,1,437916,300,3,10,46000,1,10005051102-326,10005051102,-7.5077232569566E1,3.8702526636447E1,P,300,10,1,64,1,,0,1,6,46000,1,136,42,1,10005051102-326-327,,
H,1,913811,300,3,10,36500,1,10005051102-327,10005051102,-7.50769014853298E1,3.87027363871057E1,P,103,10,2,63,1,,0,1,1,36500,1,5700,10,1,10005051102-327-328,,597617893
H,1,795400,300,3,10,38000,1,10005051102-328,10005051102,-7.5076621576887E1,3.87026343413475E1,P,300,10,2,73,1,,0,1,3,38000,1,2540,11,1,10005051102-328-329,,
H,1,48983,300,3,10,41400,1,10005051102-329,10005051102,-7.5077667482673E1,3.87024886988977E1,P,300,10,2,71,1,,0,1,1,41400,1,5400,10,1,10005051102-329-330,,400173972
H,1,319437,300,3,10,43700,1,10005051102-330,10005051102,-7.50779334742458E1,3.8702796138831E1,P,102,10,2,69,1,,0,1,6,43700,1,,42,1,10005051102-330-331,,
H,1,730302,300,3,10,39200,1,10005051102-331,10005051102,-7.50789154640451E1,3.87024616801243E1,P,200,10,2,68,1,,0,1,6,39200,1,3255,42,1,10005051102-331-332,,
H,1,1164344,300,3,10,47900,1,10005051102-332,10005051102,-7.50781765676025E1,3.87022951708836E1,P,102,10,2,66,1,,0,1,1,47900,1,3255,10,1,10005051102-332-333,,545158602
H,1,767496,300,3,10,38300,1,10005051102-333,10005051102,-7.50785611622112E1,3.87023329961472E1,P,104,10,1,73,1,,0,1,6,38300,1,,10,1,10005051102-333-334,,
H,1,958531,300,3,10,45000,1,10005051102-334,10005051102,-7.50780227701387E1,3.87025532423246E1,P,300,10,2,69,1,,0,1,6,45000,1,,25,1,10005051102-334-335,,
H,1,255549,300,3,10,46000,1,10005051102-335,10005051102,-7.50768135510041E1,3.87026516697862E1,P,102,10,1,70,1,,0,1,1,46000,1,3930,10,1,10005051102-335-336,,816322838
H,1,1328958,300,3,10,35000,1,10005051102-336,10005051102,-7.50774250405661E1,3.87028161901885E1,P,101,10,1,71,1,,0,1,6,35000,1,,36,1,10005051102-336-337,,
H,1,1340616,300,3,10,49400,1,10005051102-337,10005051102,-7.50766883613283E1,3.8702873443806E1,P,104,10,2,71,1,,0,1,6,49400,1,2540,51,1,10005051102-337-338,,
H,1,1359889,300,3,10,41900,1,10005051102-338,10005051102,-7.50765778112866E1,3.87027821557016E1,P,102,10,1,66,1,,0,1,1,41900,1,1560,10,1,10005051102-338-339,,816256739
H,1,1340616,300,3,10,49400,1,10005051102-339,10005051102,-7.50804351536066E1,3.87023642838486E1,P,104,10,2,71,1,,0,1,6,49400,1,2540,51,1,10005051102-339-340,,
H,1,767496,300,3,10,38300,1,10005051102-340,10005051102,-7.5080399271437E1,3.8702273674671E1,P,104,10,1,73,1,,0,1,6,38300,1,,10,1,10005051102-340-341,,
H,1,255549,300,3,10,46000,1,10005051102-341,10005051102,-7.50804534063522E1,3.87020614612857E1,P,102,10,1,70,1,,0,1,1,46000,1,3930,10,1,10005051102-341-342,,455364729
H,1,170460,300,3,10,41820,1,10005051102-342,10005051102,-7.50801699347538E1,3.87018203976416E1,P,102,10,2,72,1,,0,1,6,41820,1,,36,1,10005051102-342-343,,
H,1,252344,300,3,10,42000,1,10005051102-343,10005051102,-7.5079932255545E1,3.870269951597E1,P,300,10,2,66,1,,0,1,6,42000,1,430,23,1,10005051102-343-344,,
H,1,317805,300,3,10,35400,1,10005051102-344,10005051102,-7.50803418853154E1,3.87016626235471E1,P,200,10,2,74,1,,0,1,6,35400,1,,36,1,10005051102-344-345,,
H,1,1039489,300,3,10,47000,1,10005051102-345,10005051102,-7.50809251685507E1,3.8702111400332E1,P,103,10,2,65,1,,0,1,1,47000,2,4760,117,1,10005051102-345-346,,611228073
H,1,1269010,300,3,10,45200,1,10005051102-346,10005051102,-7.50803078400567E1,3.87019965829196E1,P,104,10,2,71,1,,0,1,6,45200,1,5700,10,1,10005051102-346-347,,
H,1,1380455,300,3,10,35310,1,10005051102-347,10005051102,-7.50816660511998E1,3.87023928124414E1,P,101,10,2,66,1,,0,1,6,35310,1,,10,1,10005051102-347-348,,
H,1,85895,300,3,10,41430,1,10005051102-348,10005051102,-7.50811613847216E1,3.87022028759073E1,P,102,10,2,70,1,,0,1,6,41430,1,,42,1,10005051102-348-349,,
H,1,317805,300,3,10,35400,1,10005051102-349,10005051102,-7.50814029840942E1,3.87016343536353E1,P,200,10,2,74,1,,0,1,6,35400,1,,36,1,10005051102-349-350,,
H,1,730302,300,3,10,39200,1,10005051102-350,10005051102,-7.50811814826731E1,3.8702410800592E1,P,200,10,2,68,1,,0,1,6,39200,1,3255,42,1,10005051102-350-351,,
H,1,513245,300,3,10,42500,1,10005051102-351,10005051102,-7.508109122523E1,3.87022264831628E1,P,103,10,2,74,1,,0,1,6,42500,1,,10,1,10005051102-351-352,,
H,1,1340616,300,3,10,49400,1,10005051102-352,10005051102,-7.50814731958323E1,3.8702497985252E1,P,104,10,2,71,1,,0,1,6,49400,1,2540,51,1,10005051102-352-353,,
H,1,1382180,300,3,10,35730,1,10005051102-353,10005051102,-7.50807403480684E1,3.87026682761553E1,P,102,10,1,67,1,,0,1,6,35730,1,,42,1,10005051102-353-354,,
H,1,1346658,300,3,10,39500,1,10005051102-354,10005051102,-7.50807732927611E1,3.87026413183794E1,P,104,10,1,65,1,,0,1,1,39500,1,9620,10,1,10005051102-354-355,,252547997
H,1,753432,300,3,10,40900,1,10005051102-355,10005051102,-7.5081321553085E1,3.87021563630401E1,P,102,10,2,83,1,,0,1,6,40900,1,,34,1,10005051102-355-356,,
H,1,588983,300,3,10,38800,1,10005051102-356,10005051102,-7.50811750978122E1,3.87021986603588E1,P,104,10,2,75,1,,0,1,6,38800,1,,56,1,10005051102-356-357,,
H,1,302448,300,3,10,37210,1,10005051102-357,10005051102,-7.50811489966953E1,3.87025508986944E1,P,300,10,2,75,1,,0,1,6,37210,1,,39,1,10005051102-357-358,,
H,1,827390,300,3,10,37200,1,10005051102-358,10005051102,-7.50803379472996E1,3.8703321803379E1,P,103,10,2,79,1,,0,1,1,37200,1,5400,25,1,10005051102-358-359,,892301318
H,1,588983,300,3,10,38800,1,10005051102-359,10005051102,-7.50762016280835E1,3.87026986168715E1,P,104,10,2,75,1,,0,1,6,38800,1,,56,1,10005051102-359-360,,
H,1,588983,300,3,10,38800,1,10005051102-360,10005051102,-7.50763248283482E1,3.87028370516635E1,P,104,10,2,75,1,,0,1,6,38800,1,,56,1,10005051102-360-361,,
H,1,799784,300,3,10,35100,1,10005051102-361,10005051102,-7.50769943144603E1,3.87029362385668E1,P,102,10,2,84,1,,0,1,6,35100,1,,10,1,10005051102-361-362,,
H,1,865236,300,3,10,49500,1,10005051102-362,10005051102,-7.50766920989718E1,3.87033345496978E1,P,200,10,2,77,1,,0,1,6,49500,1,,10,1,10005051102-362-363,,
H,1,1297803,300,3,10,40300,1,10005051102-363,10005051102,-7.50763838554587E1,3.8703408728065E1,P,300,10,1,76,1,,0,1,6,40300,1,,42,1,10005051102-363-364,,
H,1,588983,300,3,10,38800,1,10005051102-364,10005051102,-7.50765041277188E1,3.87039617148445E1,P,104,10,2,75,1,,0,1,6,38800,1,,56,1,10005051102-364-365,,
H,1,990109,300,3,10,42300,1,10005051102-365,10005051102,-7.5076978642249E1,3.87040458024647E1,P,300,10,2,83,1,,0,1,6,42300,1,,47,1,10005051102-365-366,,
H,1,131871,300,3,10,35000,1,10005051102-366,10005051102,-7.50767010388375E1,3.87040845037832E1,P,102,10,2,80,1,,0,1,6,35000,1,,42,1,10005051102-366-367,,
H,1,203717,300,3,10,39780,1,10005051102-367,10005051102,-7.50769977570296E1,3.87038369051388E1,P,200,10,1,81,1,,0,1,6,39780,1,,51,1,10005051102-367-368,,
H,1,872016,300,3,10,46300,1,10005051102-368,10005051102,-7.50776438543267E1,3.87039456789204E1,P,300,10,1,75,1,,0,1,6,46300,1,,37,1,10005051102-368-369,,
H,1,1058086,300,3,10,46800,1,10005051102-369,10005051102,-7.5077489065736E1,3.87043328171601E1,P,300,10,2,80,1,,0,1,6,46800,1,,13,1,10005051102-369-370,,
H,1,504133,300,3,10,35200,1,10005051102-370,10005051102,-7.50778627791864E1,3.87041220452733E1,P,102,10,2,87,1,,0,1,6,35200,1,,37,1,10005051102-370-371,,
H,1,1418032,300,3,10,36200,1,10005051102-371,10005051102,-7.5077567680891E1,3.87042885208734E1,P,102,10,2,87,1,,0,1,6,36200,1,,39,1,10005051102-371-372,,
H,1,1418032,300,3,10,36200,1,10005051102-372,10005051102,-7.5077571440504E1,3.87039273598282E1,P,102,10,2,87,1,,0,1,6,36200,1,,39,1,10005051102-372-373,,
H,1,504133,300,3,10,35200,1,10005051102-373,10005051102,-7.507784676052E1,3.87042959923726E1,P,102,10,2,87,1,,0,1,6,35200,1,,37,1,10005051102-373-374,,
H,1,1418032,300,3,10,36200,1,10005051102-374,10005051102,-7.5078270147306E1,3.87045231548523E1,P,102,10,2,87,1,,0,1,6,36200,1,,39,1,10005051102-374-375,,
H,1,502232,300,3,10,49700,1,10005051102-375,10005051102,-7.50782973895368E1,3.87047493183438E1,P,102,10,2,93,1,,0,1,6,49700,1,,42,1,10005051102-375-376,,
H,1,502232,300,3,10,49700,1,10005051102-376,10005051102,-7.50786489348936E1,3.87049352303885E1,P,102,10,2,93,1,,0,1,6,49700,1,,42,1,10005051102-376-377,,
H,1,504133,300,3,10,35200,1,10005051102-377,10005051102,-7.50780446202261E1,3.87048035273126E1,P,102,10,2,87,1,,0,1,6,35200,1,,37,1,10005051102-377-378,,
H,1,298450,300,3,10,47200,1,10005051102-378,10005051102,-7.50787515649155E1,3.87049271251055E1,P,104,10,2,44,1,,0,1,1,47200,1,4110,24,9,10005051102-378-379,,597617893
H,1,298450,300,3,10,47200,1,10005051102-379,10005051102,-7.50787164548672E1,3.87047403206352E1,P,104,10,2,44,1,,0,1,1,47200,1,4110,24,9,10005051102-379-380,,423044072
H,1,957593,300,3,10,46200,1,10005051102-380,10005051102,-7.50792579230575E1,3.870511723098E1,P,300,10,1,67,1,,0,3,1,46200,2,2040,169,9,10005051102-380-381,,423044072
H,1,957593,300,3,10,46200,1,10005051102-381,10005051102,-7.50787816954387E1,3.87050478107115E1,P,300,10,1,67,1,,0,3,1,46200,2,2040,169,9,10005051102-381-382,,472707504
H,1,520717,300,3,10,75000,1,10005051102-382,10005051102,-7.50796692123295E1,3.87053959215001E1,P,104,10,2,23,1,,0,3,1,75000,1,4700,36,1,10005051102-382-383,,541550984
H,1,520717,300,3,10,75000,1,10005051102-383,10005051102,-7.50799558969061E1,3.87051049657221E1,P,104,10,2,23,1,,0,3,1,75000,1,4700,36,1,10005051102-383-384,,597617893
H,1,1091369,300,3,10,60000,1,10005051102-384,10005051102,-7.50797225421976E1,3.87051930966963E1,P,103,10,1,28,1,,0,1,1,60000,1,3400,34,1,10005051102-384-385,,892282955
H,1,1205688,300,3,10,60000,1,10005051102-385,10005051102,-7.5080160874612E1,3.87054606027868E1,P,101,10,2,29,3,16,0,1,1,60000,1,50,42,1,10005051102-385-386,,816176416
H,1,703393,300,3,10,50000,1,10005051102-386,10005051102,-7.50802485289052E1,3.87055810313721E1,P,102,10,1,27,2,15,0,1,1,50000,1,1107,10,1,10005051102-386-387,,373798503
H,1,1287921,300,3,10,72000,1,10005051102-387,10005051102,-7.5080099926111E1,3.87057716660266E1,P,102,10,2,55,1,,0,1,1,72000,1,3255,13,1,10005051102-387-388,,5295159
H,1,1043842,300,3,10,76000,1,10005051102-388,10005051102,-7.50799415567648E1,3.8705805393588E1,P,200,10,1,43,1,,0,1,1,76000,1,800,10,1,10005051102-388-389,,121577969
H,1,973586,300,3,10,58000,1,10005051102-389,10005051102,-7.50802216462761E1,3.87026003971843E1,P,103,10,1,36,1,,0,1,1,58000,1,8740,10,1,10005051102-389-390,,121584973
H,1,251374,300,3,10,88000,1,10005051102-390,10005051102,-7.50796115268718E1,3.87028431790658E1,P,300,10,1,37,1,,0,1,1,88000,1,7410,10,1,10005051102-390-391,,1835131
H,1,1214364,300,3,10,50000,1,10005051102-391,10005051102,-7.50799342993257E1,3.8702699159364E1,P,103,10,1,41,1,,0,1,1,50000,1,940,10,1,10005051102-391-392,,209265032
H,1,418810,300,3,10,65000,1,10005051102-392,10005051102,-7.50799980258226E1,3.87030943889481E1,P,200,10,1,36,1,,0,1,1,65000,1,3400,110,1,10005051102-392-393,,909459646
H,1,136599,300,3,10,50000,1,10005051102-393,10005051102,-7.50791157806841E1,3.87040466661747E1,P,104,10,1,40,1,,0,1,1,50000,1,8965,34,1,10005051102-393-394,,987671765
H,1,966629,300,3,10,79000,1,10005051102-394,10005051102,-7.50801305913937E1,3.8703719540379E1,P,200,10,1,41,1,,0,1,1,79000,1,7000,36,1,10005051102-394-395,,121575724
H,1,1469941,300,3,10,68000,1,10005051102-395,10005051102,-7.50795043654395E1,3.8703682876599E1,P,104,10,2,41,1,,0,1,1,68000,1,2340,10,1,10005051102-395-396,,597617893
H,1,973586,300,3,10,58000,1,10005051102-396,10005051102,-7.50791779899365E1,3.87037172053194E1,P,103,10,1,36,1,,0,1,1,58000,1,8740,10,1,10005051102-396-397,,9145244
H,1,418810,300,3,10,65000,1,10005051102-397,10005051102,-7.50789608717818E1,3.8704296686386E1,P,200,10,1,36,1,,0,1,1,65000,1,3400,110,1,10005051102-397-398,,597328285
H,1,251374,300,3,10,88000,1,10005051102-398,10005051102,-7.50794810308595E1,3.8703628102102E1,P,300,10,1,37,1,,0,1,1,88000,1,7410,10,1,10005051102-398-399,,816175053
H,1,192839,300,3,10,74000,1,10005051102-399,10005051102,-7.50796707150781E1,3.87038302201758E1,P,104,10,2,39,1,,0,1,1,74000,1,5260,10,1,10005051102-399-400,,393639513
H,1,966629,300,3,10,79000,1,10005051102-400,10005051102,-7.50790392557238E1,3.87037703433867E1,P,200,10,1,41,1,,0,1,1,79000,1,7000,36,1,10005051102-400-401,,380090100
H,1,571357,300,3,10,56000,1,10005051102-401,10005051102,-7.50823279249563E1,3.87022566462824E1,P,103,10,1,41,1,,0,1,1,56000,1,2630,10,1,10005051102-401-402,,472709922
H,1,571357,300,3,10,56000,1,10005051102-402,10005051102,-7.5080866587577E1,3.8703271701232E1,P,103,10,1,41,1,,0,1,1,56000,1,2630,10,1,10005051102-402-403,,614161180
H,1,542766,300,3,10,85000,1,10005051102-403,10005051102,-7.50813805792172E1,3.87031793346402E1,P,104,10,2,51,1,,0,1,1,85000,1,1107,10,1,10005051102-403-404,,982501272
H,1,483424,300,3,10,90000,1,10005051102-404,10005051102,-7.50808534021841E1,3.87035573640026E1,P,102,10,2,49,1,,0,1,1,90000,1,1050,42,1,10005051102-404-405,,816241707
H,1,260827,300,3,10,75000,1,10005051102-405,10005051102,-7.5080929574944E1,3.87034301476371E1,P,200,10,1,46,1,,0,1,1,75000,1,430,42,1,10005051102-405-406,,309003499
H,1,1244092,300,3,10,54000,1,10005051102-406,10005051102,-7.50818469349413E1,3.87028058423968E1,P,300,10,2,50,1,,0,1,1,54000,1,2310,42,1,10005051102-406-407,,246343776
H,1,429119,300,3,10,78000,1,10005051102-407,10005051102,-7.50821754962574E1,3.87026370819414E1,P,300,10,2,49,1,,0,3,1,78000,1,136,72,1,10005051102-407-408,,455365981
H,1,429119,300,3,10,78000,1,10005051102-408,10005051102,-7.50816778417033E1,3.87031572073154E1,P,300,10,2,49,1,,0,3,1,78000,1,136,72,1,10005051102-408-409,,597327626
H,1,483424,300,3,10,90000,1,10005051102-409,10005051102,-7.50813496693374E1,3.87039607047413E1,P,102,10,2,49,1,,0,1,1,90000,1,1050,42,1,10005051102-409-410,,518056825
H,1,1420116,300,3,10,70200,1,10005051102-410,10005051102,-7.5081748543482E1,3.87031075226772E1,P,101,10,1,50,1,,0,1,1,70200,1,230,10,1,10005051102-410-411,,716346440
H,1,1202326,300,3,10,65010,1,10005051102-411,10005051102,-7.50816502305958E1,3.87027866895676E1,P,103,10,1,45,1,,0,3,1,65010,1,110,12,1,10005051102-411-412,,597617893
H,1,352934,300,3,10,60000,1,10005051102-412,10005051102,-7.50815083295935E1,3.87029101860086E1,P,104,10,2,50,1,,0,1,1,60000,1,3255,10,1,10005051102-412-413,,1704683
H,1,715984,300,3,10,60000,1,10005051102-413,10005051102,-7.50806713762433E1,3.8703956601692E1,P,200,10,2,49,1,,0,1,1,60000,1,1060,42,1,10005051102-413-414,,816223564
H,1,260827,300,3,10,75000,1,10005051102-414,10005051102,-7.50807013668591E1,3.87041944042351E1,P,200,10,1,46,1,,0,1,1,75000,1,430,42,1,10005051102-414-415,,1704683
H,1,483424,300,3,10,90000,1,10005051102-415,10005051102,-7.50805242260652E1,3.87038299811884E1,P,102,10,2,49,1,,0,1,1,90000,1,1050,42,1,10005051102-415-416,,678075086
H,1,760065,300,3,10,55000,1,10005051102-416,10005051102,-7.5080700784268E1,3.87042644001231E1,P,101,10,1,46,1,,0,1,1,55000,1,4760,10,1,10005051102-416-417,,359418845
H,1,444227,300,3,10,91000,1,10005051102-417,10005051102,-7.50807489268395E1,3.87039589104708E1,P,200,10,2,54,1,,0,1,1,91000,1,2000,42,1,10005051102-417-418,,300284023
H,1,232754,300,3,10,92000,1,10005051102-418,10005051102,-7.5078565833388E1,3.87036600020218E1,P,103,10,2,53,1,,0,1,1,92000,1,530,24,1,10005051102-418-419,,816254767
H,1,1474672,300,3,10,80000,1,10005051102-419,10005051102,-7.50787300982022E1,3.8703810796187E1,P,300,10,1,54,3,15,0,1,1,80000,1,6440,42,1,10005051102-419-420,,816363436
H,1,296946,300,3,10,75050,1,10005051102-420,10005051102,-7.50788189483798E1,3.8703630831609E1,P,200,10,2,47,1,,0,1,1,75050,1,3255,42,1,10005051102-420-421,,515056166
H,1,20801,300,3,10,80010,1,10005051102-421,10005051102,-7.5077988145846E1,3.87038263772466E1,P,101,10,1,48,1,,0,1,1,80010,1,6355,10,1,10005051102-421-422,,423017201
H,1,701617,300,3,10,65000,1,10005051102-422,10005051102,-7.50788270524852E1,3.87038604556381E1,P,200,10,2,50,1,,0,1,1,65000,1,2040,34,1,10005051102-422-423,,455365536
H,1,444227,300,3,10,91000,1,10005051102-423,10005051102,-7.50783871448856E1,3.87036979814961E1,P,200,10,2,54,1,,0,1,1,91000,1,2000,42,1,10005051102-423-424,,816252597
H,1,2034,300,3,10,81200,2,10005051102-424,10005051102,-7.50781354655912E1,3.87039843149023E1,P,300,10,1,56,1,,0,1,6,1200,1,4850,26,1,10005051102-424-425,,
H,1,2034,300,3,10,81200,2,10005051102-424,10005051102,-7.50781354655912E1,3.87039843149023E1,P,300,10,2,56,1,,1,1,1,80000,1,230,10,1,10005051102-424-426,,423044072
H,1,420099,300,3,10,85000,1,10005051102-425,10005051102,-7.50771162363615E1,3.87032665836538E1,P,101,10,2,57,1,,0,1,2,85000,1,540,10,1,10005051102-425-427,,423036813
H,1,704401,300,3,10,75000,1,10005051102-426,10005051102,-7.50770526537422E1,3.87036557414374E1,P,300,10,2,55,1,,0,1,1,75000,1,2310,42,1,10005051102-426-428,,179049655
H,1,307629,300,3,10,76000,1,10005051102-427,10005051102,-7.5077929404531E1,3.87035842814591E1,P,102,10,1,59,1,,0,1,1,76000,1,2000,10,1,10005051102-427-429,,597617893
H,1,307629,300,3,10,76000,1,10005051102-428,10005051102,-7.50769221345046E1,3.87033387233861E1,P,102,10,1,59,1,,0,1,1,76000,1,2000,10,1,10005051102-428-430,,300283132
H,1,1020199,300,3,10,50000,1,10005051102-429,10005051102,-7.50782973679364E1,3.87035526042645E1,P,104,10,2,57,1,,0,1,1,50000,1,5000,10,1,10005051102-429-431,,455353151
H,1,1020199,300,3,10,50000,1,10005051102-430,10005051102,-7.50774054233425E1,3.8703611258291E1,P,104,10,2,57,1,,0,1,1,50000,1,5000,10,1,10005051102-430-432,,215459454
H,1,1020199,300,3,10,50000,1,10005051102-431,10005051102,-7.50787552066746E1,3.87040126942995E1,P,104,10,2,57,1,,0,1,1,50000,1,5000,10,1,10005051102-431-433,,977940840
H,1,452748,300,3,10,52100,1,10005051102-432,10005051102,-7.50791579307076E1,3.87042794660238E1,P,103,10,2,55,1,,0,1,1,52100,1,4820,10,1,10005051102-432-434,,368683785
H,1,307629,300,3,10,76000,1,10005051102-433,10005051102,-7.507946458017E1,3.8704684808665E1,P,102,10,1,59,1,,0,1,1,76000,1,2000,10,1,10005051102-433-435,,304071863
H,1,661367,300,3,10,52000,1,10005051102-434,10005051102,-7.50797205874193E1,3.87041311341971E1,P,102,10,2,59,1,,0,2,1,52000,1,8800,37,1,10005051102-434-436,,816259683
H,1,848188,300,3,10,55000,1,10005051102-435,10005051102,-7.50793190133703E1,3.8703993167564E1,P,300,10,1,59,1,,0,1,1,55000,1,4760,6,1,10005051102-435-437,,472713288
H,1,704401,300,3,10,75000,1,10005051102-436,10005051102,-7.50798757878852E1,3.87043293508606E1,P,300,10,2,55,1,,0,1,1,75000,1,2310,42,1,10005051102-436-438,,816368500
H,1,1053129,300,3,10,56800,1,10005051102-437,10005051102,-7.5079479338642E1,3.87043250987713E1,P,102,10,2,59,1,,0,1,6,56800,1,,42,1,10005051102-437-439,,
H,1,848188,300,3,10,55000,1,10005051102-438,10005051102,-7.50791109633874E1,3.870435920139E1,P,300,10,1,59,1,,0,1,1,55000,1,4760,6,1,10005051102-438-440,,816374771
H,1,1153107,300,3,10,55000,1,10005051102-439,10005051102,-7.50822734939391E1,3.8703740827685E1,P,200,10,2,59,1,,0,1,1,55000,1,5120,42,1,10005051102-439-441,,400853321
H,1,255677,300,3,10,82000,1,10005051102-440,10005051102,-7.50819805799113E1,3.87038558660003E1,P,102,10,2,57,1,,0,1,1,82000,1,136,10,1,10005051102-440-442,,400839957
H,1,452748,300,3,10,52100,1,10005051102-441,10005051102,-7.50819293873943E1,3.87034832202243E1,P,103,10,2,55,1,,0,1,1,52100,1,4820,10,1,10005051102-441-443,,400853321
H,1,13278,300,3,10,78000,1,10005051102-442,10005051102,-7.5083014308234E1,3.87028218334408E1,P,200,10,1,58,1,,0,1,1,78000,1,430,24,1,10005051102-442-444,,678072471
H,1,255677,300,3,10,82000,1,10005051102-443,10005051102,-7.50830831060154E1,3.87030889636854E1,P,102,10,2,57,1,,0,1,1,82000,1,136,10,1,10005051102-443-445,,541560314
H,1,1128037,300,3,10,58000,1,10005051102-444,10005051102,-7.50826271896956E1,3.87034485347013E1,P,102,10,2,58,1,,0,1,1,58000,1,3310,10,1,10005051102-444-446,,1754902
H,1,13278,300,3,10,78000,1,10005051102-445,10005051102,-7.50830895104782E1,3.87028932917333E1,P,200,10,1,58,1,,0,1,1,78000,1,430,24,1,10005051102-445-447,,816175061
H,1,629610,300,3,10,67160,1,10005051102-446,10005051102,-7.50831000064351E1,3.87025641797285E1,P,104,10,2,56,1,,0,1,1,67160,1,5240,42,1,10005051102-446-448,,597617893
H,1,585308,300,3,10,57700,1,10005051102-447,10005051102,-7.50830771514188E1,3.8702813059004E1,P,101,10,2,58,1,,0,1,1,57700,1,5700,10,1,10005051102-447-449,,545158602
H,1,420099,300,3,10,85000,1,10005051102-448,10005051102,-7.50821886097217E1,3.8703559901777E1,P,101,10,2,57,1,,0,1,2,85000,1,540,10,1,10005051102-448-450,,472710250
H,1,585308,300,3,10,57700,1,10005051102-449,10005051102,-7.50819710732471E1,3.8703549015687E1,P,101,10,2,58,1,,0,1,1,57700,1,5700,10,1,10005051102-449-451,,121588354
H,1,484094,300,3,10,50050,1,10005051102-450,10005051102,-7.50822755858026E1,3.8703942133053E1,P,102,10,1,55,1,,0,1,1,50050,1,7200,42,1,10005051102-450-452,,597342443
H,1,704401,300,3,10,75000,1,10005051102-451,10005051102,-7.50812247709901E1,3.87045564377558E1,P,300,10,2,55,1,,0,1,1,75000,1,2310,42,1,10005051102-451-453,,121606321
H,1,661367,300,3,10,52000,1,10005051102-452,10005051102,-7.50811551999314E1,3.87047070257043E1,P,102,10,2,59,1,,0,2,1,52000,1,8800,37,1,10005051102-452-454,,965716327
H,1,452748,300,3,10,52100,1,10005051102-453,10005051102,-7.50807252225892E1,3.87049893096184E1,P,103,10,2,55,1,,0,1,1,52100,1,4820,10,1,10005051102-453-455,,121607758
H,1,307629,300,3,10,76000,1,10005051102-454,10005051102,-7.50810053387253E1,3.87045400447651E1,P,102,10,1,59,1,,0,1,1,76000,1,2000,10,1,10005051102-454-456,,678071085
H,1,452748,300,3,10,52100,1,10005051102-455,10005051102,-7.50809731339073E1,3.87046705583306E1,P,103,10,2,55,1,,0,1,1,52100,1,4820,10,1,10005051102-455-457,,540902095
H,1,629610,300,3,10,67160,1,10005051102-456,10005051102,-7.5081665354045E1,3.87037830670127E1,P,104,10,2,56,1,,0,1,1,67160,1,5240,42,1,10005051102-456-458,,846204
H,1,452748,300,3,10,52100,1,10005051102-457,10005051102,-7.50809206551981E1,3.87051973430098E1,P,103,10,2,55,1,,0,1,1,52100,1,4820,10,1,10005051102-457-459,,1165745
H,1,630927,300,3,10,83000,1,10005051102-458,10005051102,-7.50804037514115E1,3.8703156260781E1,P,200,10,2,62,1,,0,1,1,83000,1,3255,51,1,10005051102-458-460,,678070657
H,1,1434530,300,3,10,90000,1,10005051102-459,10005051102,-7.50807583997135E1,3.87033644365884E1,P,102,10,1,63,1,,0,1,1,90000,1,1107,10,1,10005051102-459-461,,816254130
H,1,358974,300,3,10,82000,1,10005051102-460,10005051102,-7.5080252544305E1,3.87031113404528E1,P,103,10,1,62,1,,0,1,1,82000,1,8740,10,1,10005051102-460-462,,374755510
H,1,1221949,300,3,10,66900,1,10005051102-461,10005051102,-7.50801436699451E1,3.8703134726216E1,P,103,10,2,63,1,,0,1,1,66900,1,120,39,1,10005051102-461-463,,1704683
H,1,1221949,300,3,10,66900,1,10005051102-462,10005051102,-7.50804775298055E1,3.87033405519562E1,P,103,10,2,63,1,,0,1,1,66900,1,120,39,1,10005051102-462-464,,121577969
H,1,976945,300,3,10,54000,1,10005051102-463,10005051102,-7.507995642103E1,3.87031984616963E1,P,200,10,2,64,1,,0,1,6,54000,1,,36,1,10005051102-463-465,,
H,1,1489314,300,3,10,58000,1,10005051102-464,10005051102,-7.508081761483E1,3.87040409180745E1,P,103,10,2,60,1,,0,3,1,58000,1,2100,72,1,10005051102-464-466,,652168055
H,1,1345301,300,3,10,65000,1,10005051102-465,10005051102,-7.50811810133411E1,3.87042016900198E1,P,300,10,1,63,1,,0,1,1,65000,1,1300,10,1,10005051102-465-467,,518053566
H,1,1068155,300,3,10,82000,2,10005051102-466,10005051102,-7.50810575004604E1,3.87035112828185E1,P,102,10,2,60,1,,0,1,1,59000,1,5820,10,1,10005051102-466-468,,307843334
H,1,1068155,300,3,10,82000,2,10005051102-466,10005051102,-7.50810575004604E1,3.87035112828185E1,P,102,10,1,42,1,,1,1,1,23000,1,4020,51,1,10005051102-466-469,,974115545
H,1,628607,300,3,10,81000,1,10005051102-467,10005051102,-7.50813297525735E1,3.87039210930823E1,P,101,10,1,61,1,,0,1,1,81000,1,3930,10,1,10005051102-467-470,,1704683
H,1,1289605,300,3,10,99000,1,10005051102-468,10005051102,-7.50813517045511E1,3.87042446452032E1,P,102,10,2,61,1,,0,1,1,99000,1,350,50,1,10005051102-468-471,,571957984
H,1,1271594,300,3,10,60000,1,10005051102-469,10005051102,-7.50814954135482E1,3.87044227057181E1,P,300,10,1,62,1,,0,1,1,60000,1,6050,10,1,10005051102-469-472,,423044072
H,1,869994,300,3,10,72000,1,10005051102-470,10005051102,-7.50814241519511E1,3.87042854483018E1,P,103,10,2,62,1,,0,10,1,72000,2,5700,316,1,10005051102-470-473,,816260228
H,1,869994,300,3,10,72000,1,10005051102-471,10005051102,-7.50818957736388E1,3.8704239681847E1,P,103,10,2,62,1,,0,10,1,72000,2,5700,316,1,10005051102-471-474,,652168055
H,1,1271594,300,3,10,60000,1,10005051102-472,10005051102,-7.50822056875158E1,3.8704804297054E1,P,300,10,1,62,1,,0,1,1,60000,1,6050,10,1,10005051102-472-475,,121600100
H,1,628607,300,3,10,81000,1,10005051102-473,10005051102,-7.50818166811584E1,3.87045850955781E1,P,101,10,1,61,1,,0,1,1,81000,1,3930,10,1,10005051102-473-476,,816171227
H,1,1221949,300,3,10,66900,1,10005051102-474,10005051102,-7.50827532902966E1,3.87051039226256E1,P,103,10,2,63,1,,0,1,1,66900,1,120,39,1,10005051102-474-477,,816368500
H,1,358974,300,3,10,82000,1,10005051102-475,10005051102,-7.50825480926764E1,3.87053592589227E1,P,103,10,1,62,1,,0,1,1,82000,1,8740,10,1,10005051102-475-478,,304070584
H,1,1402890,300,3,10,93500,1,10005051102-476,10005051102,-7.50824616152941E1,3.87049439312316E1,P,101,10,2,63,1,,0,1,1,93500,1,2340,42,1,10005051102-476-479,,367281805
H,1,69439,300,3,10,55000,1,10005051102-477,10005051102,-7.5082181578258E1,3.8705007535415E1,P,101,10,1,62,1,,0,1,1,55000,1,5540,10,1,10005051102-477-480,,682853361
H,1,1461027,300,3,10,55000,1,10005051102-478,10005051102,-7.50830264222201E1,3.87049037299232E1,P,102,10,1,61,1,,0,1,1,55000,1,6260,36,1,10005051102-478-481,,597617893
H,1,1461027,300,3,10,55000,1,10005051102-479,10005051102,-7.5082923512177E1,3.87056738340087E1,P,102,10,1,61,1,,0,1,1,55000,1,6260,36,1,10005051102-479-482,,307843334
H,1,1221949,300,3,10,66900,1,10005051102-480,10005051102,-7.50836470307081E1,3.87057606607287E1,P,103,10,2,63,1,,0,1,1,66900,1,120,39,1,10005051102-480-483,,253692263
H,1,1345301,300,3,10,65000,1,10005051102-481,10005051102,-7.50832942422047E1,3.8705348551339E1,P,300,10,1,63,1,,0,1,1,65000,1,1300,10,1,10005051102-481-484,,541555421
H,1,964157,300,3,10,52000,1,10005051102-482,10005051102,-7.50831946664163E1,3.87048886827304E1,P,104,10,2,64,1,,0,1,1,52000,1,4710,10,1,10005051102-482-485,,678075086
H,1,628607,300,3,10,81000,1,10005051102-483,10005051102,-7.5082850647709E1,3.8703802110755E1,P,101,10,1,61,1,,0,1,1,81000,1,3930,10,1,10005051102-483-486,,316931740
H,1,630927,300,3,10,83000,1,10005051102-484,10005051102,-7.508329678471E1,3.87036496936418E1,P,200,10,2,62,1,,0,1,1,83000,1,3255,51,1,10005051102-484-487,,540899424
H,1,976945,300,3,10,54000,1,10005051102-485,10005051102,-7.50828076699416E1,3.87043416480648E1,P,200,10,2,64,1,,0,1,6,54000,1,,36,1,10005051102-485-488,,
H,1,69439,300,3,10,55000,1,10005051102-486,10005051102,-7.50830156714846E1,3.87043693882758E1,P,101,10,1,62,1,,0,1,1,55000,1,5540,10,1,10005051102-486-489,,215271081
H,1,964157,300,3,10,52000,1,10005051102-487,10005051102,-7.5082751545584E1,3.87041627698613E1,P,104,10,2,64,1,,0,1,1,52000,1,4710,10,1,10005051102-487-490,,898291729
H,1,1189036,300,3,10,50000,1,10005051102-488,10005051102,-7.50823001862476E1,3.8704410812521E1,P,104,10,2,61,1,,0,1,1,50000,1,310,10,1,10005051102-488-491,,816175335
H,1,630927,300,3,10,83000,1,10005051102-489,10005051102,-7.50829744854627E1,3.87041827403285E1,P,200,10,2,62,1,,0,1,1,83000,1,3255,51,1,10005051102-489-492,,223569112
H,1,1321934,300,3,10,61800,1,10005051102-490,10005051102,-7.50828761847472E1,3.87044799667701E1,P,300,10,1,71,1,,0,1,6,61800,1,,42,1,10005051102-490-493,,
H,1,1363419,300,3,10,67900,1,10005051102-491,10005051102,-7.50832456858332E1,3.87039465143877E1,P,104,10,2,66,1,,0,1,1,67900,1,5700,42,1,10005051102-491-494,,1165745
H,1,608763,300,3,10,89400,1,10005051102-492,10005051102,-7.50832978366818E1,3.87040647892121E1,P,101,10,2,72,1,,0,1,6,89400,1,,36,1,10005051102-492-495,,
H,1,1321934,300,3,10,61800,1,10005051102-493,10005051102,-7.50826002938647E1,3.870439584415E1,P,300,10,1,71,1,,0,1,6,61800,1,,42,1,10005051102-493-496,,
H,1,1027192,300,3,10,78000,1,10005051102-494,10005051102,-7.5082659730932E1,3.8704050449658E1,P,300,10,1,72,1,,0,1,6,78000,1,4700,10,1,10005051102-494-497,,
H,1,669185,300,3,10,50000,1,10005051102-495,10005051102,-7.50821744391453E1,3.87046736755232E1,P,103,10,2,69,1,,0,1,1,50000,1,4720,10,1,10005051102-495-498,,248056764
H,1,805208,300,3,10,56000,1,10005051102-496,10005051102,-7.50822397455922E1,3.8704985799739E1,P,200,10,1,65,1,,0,1,6,56000,1,,44,1,10005051102-496-499,,
H,1,1027192,300,3,10,78000,1,10005051102-497,10005051102,-7.50806465716226E1,3.87055619892931E1,P,300,10,1,72,1,,0,1,6,78000,1,4700,10,1,10005051102-497-500,,
H,1,1043926,300,3,10,62400,1,10005051102-498,10005051102,-7.50814552221055E1,3.87050797530233E1,P,300,10,2,70,1,,0,1,6,62400,1,,48,1,10005051102-498-501,,
H,1,1186075,300,3,10,51600,1,10005051102-499,10005051102,-7.50812800380422E1,3.8705536240806E1,P,300,10,2,68,1,,0,1,1,51600,1,230,42,1,10005051102-499-502,,373793249
H,1,1288407,300,3,10,68000,1,10005051102-500,10005051102,-7.50818424823573E1,3.87051595898861E1,P,104,10,2,67,1,,0,1,1,68000,1,230,36,1,10005051102-500-503,,545158602
H,1,158325,300,3,10,68000,1,10005051102-501,10005051102,-7.50815296925796E1,3.87053238483012E1,P,200,10,2,68,1,,0,1,1,68000,1,230,34,1,10005051102-501-504,,816376313
H,1,163152,300,3,10,96400,1,10005051102-502,10005051102,-7.50815357675513E1,3.87051392473768E1,P,200,10,2,68,1,,0,1,1,96400,1,2310,42,1,10005051102-502-505,,597617893
H,1,90289,300,3,10,67300,1,10005051102-503,10005051102,-7.50814219900884E1,3.87051527416083E1,P,300,10,1,67,1,,0,1,1,67300,1,430,44,1,10005051102-503-506,,306054693
H,1,27074,300,3,10,57000,1,10005051102-504,10005051102,-7.50831283281847E1,3.87051943898731E1,P,102,10,2,69,1,,0,1,1,57000,1,230,42,1,10005051102-504-507,,987672557
H,1,66488,300,3,10,64000,1,10005051102-505,10005051102,-7.5083598511863E1,3.87041265427237E1,P,101,10,2,67,1,,0,1,1,64000,1,5700,17,1,10005051102-505-508,,224257360
H,1,717151,300,3,10,72900,1,10005051102-506,10005051102,-7.5083759743432E1,3.87046228652001E1,P,102,10,2,71,1,,0,1,6,72900,1,230,36,1,10005051102-506-509,,
H,1,585130,300,3,10,58300,1,10005051102-507,10005051102,-7.5084000555409E1,3.87041203131444E1,P,103,10,1,72,1,,0,1,1,58300,1,7630,54,1,10005051102-507-510,,307843334
H,1,163152,300,3,10,96400,1,10005051102-508,10005051102,-7.50841479379676E1,3.87039630626635E1,P,200,10,2,68,1,,0,1,1,96400,1,2310,42,1,10005051102-508-511,,472704287
H,1,352714,300,3,10,74000,1,10005051102-509,10005051102,-7.50840380093355E1,3.87035549402813E1,P,102,10,2,73,1,,0,1,6,74000,1,,34,1,10005051102-509-512,,
H,1,90289,300,3,10,67300,1,10005051102-510,10005051102,-7.50835809003713E1,3.87041870773371E1,P,300,10,1,67,1,,0,1,1,67300,1,430,44,1,10005051102-510-513,,121612147
H,1,90289,300,3,10,67300,1,10005051102-511,10005051102,-7.50828795167068E1,3.87049098428498E1,P,300,10,1,67,1,,0,1,1,67300,1,430,44,1,10005051102-511-514,,121575930
H,1,1186075,300,3,10,51600,1,10005051102-512,10005051102,-7.5084211153167E1,3.87034797991627E1,P,300,10,2,68,1,,0,1,1,51600,1,230,42,1,10005051102-512-515,,223569088
H,1,1288407,300,3,10,68000,1,10005051102-513,10005051102,-7.50832866782346E1,3.87052414371248E1,P,104,10,2,67,1,,0,1,1,68000,1,230,36,1,10005051102-513-516,,1704683
H,1,110809,300,3,10,66950,1,10005051102-514,10005051102,-7.50831393282617E1,3.87051601238425E1,P,300,10,2,69,1,,0,1,6,66950,1,2310,24,1,10005051102-514-517,,
H,1,459456,300,3,10,56801,1,10005051102-515,10005051102,-7.50828985030673E1,3.87055753808677E1,P,103,10,1,69,1,,0,1,1,56801,1,6200,10,1,10005051102-515-518,,816177786
H,1,1027192,300,3,10,78000,1,10005051102-516,10005051102,-7.50819031975723E1,3.87064546300867E1,P,300,10,1,72,1,,0,1,6,78000,1,4700,10,1,10005051102-516-519,,
H,1,27074,300,3,10,57000,1,10005051102-517,10005051102,-7.50824288073783E1,3.8705791571207E1,P,102,10,2,69,1,,0,1,1,57000,1,230,42,1,10005051102-517-520,,816174429
H,1,1363419,300,3,10,67900,1,10005051102-518,10005051102,-7.50827451998757E1,3.8705112200139E1,P,104,10,2,66,1,,0,1,1,67900,1,5700,42,1,10005051102-518-521,,987672201
H,1,1382773,300,3,10,99000,1,10005051102-519,10005051102,-7.50821461354937E1,3.87061779814025E1,P,102,10,2,70,1,,0,1,1,99000,1,710,42,1,10005051102-519-522,,909458028
H,1,110809,300,3,10,66950,1,10005051102-520,10005051102,-7.5082359291468E1,3.87054482922311E1,P,300,10,2,69,1,,0,1,6,66950,1,2310,24,1,10005051102-520-523,,
H,1,27074,300,3,10,57000,1,10005051102-521,10005051102,-7.50824503351561E1,3.87055092651417E1,P,102,10,2,69,1,,0,1,1,57000,1,230,42,1,10005051102-521-524,,987666252
H,1,27074,300,3,10,57000,1,10005051102-522,10005051102,-7.50819729982078E1,3.87057693874766E1,P,102,10,2,69,1,,0,1,1,57000,1,230,42,1,10005051102-522-525,,933686024
H,1,1186075,300,3,10,51600,1,10005051102-523,10005051102,-7.50818976691827E1,3.87058172369935E1,P,300,10,2,68,1,,0,1,1,51600,1,230,42,1,10005051102-523-526,,423039361
H,1,531654,300,3,10,73400,1,10005051102-524,10005051102,-7.50842360583885E1,3.87049103889091E1,P,300,10,2,69,1,,0,1,6,73400,1,,42,1,10005051102-524-527,,
H,1,932793,300,3,10,67000,1,10005051102-525,10005051102,-7.50844369690033E1,3.87047549212941E1,P,102,10,2,65,1,,0,1,1,67000,1,350,42,1,10005051102-525-528,,987666260
H,1,1043926,300,3,10,62400,1,10005051102-526,10005051102,-7.50852243154901E1,3.87045878463085E1,P,300,10,2,70,1,,0,1,6,62400,1,,48,1,10005051102-526-529,,
H,1,369202,300,3,10,71400,2,10005051102-527,10005051102,-7.50849355821237E1,3.87044671918337E1,P,300,10,2,72,1,,0,1,6,51000,1,3258,36,1,10005051102-527-530,,
H,1,369202,300,3,10,71400,2,10005051102-527,10005051102,-7.50849355821237E1,3.87044671918337E1,P,300,10,1,74,1,,1,1,6,20400,1,,24,1,10005051102-527-531,,
H,1,567080,300,3,10,80000,1,10005051102-528,10005051102,-7.50841175043085E1,3.87053146959287E1,P,102,10,2,72,1,,0,1,6,80000,1,,36,1,10005051102-528-532,,
H,1,163152,300,3,10,96400,1,10005051102-529,10005051102,-7.50850918895386E1,3.87043978492724E1,P,200,10,2,68,1,,0,1,1,96400,1,2310,42,1,10005051102-529-533,,400404551
H,1,1382773,300,3,10,99000,1,10005051102-530,10005051102,-7.50851919786318E1,3.8704682926044E1,P,102,10,2,70,1,,0,1,1,99000,1,710,42,1,10005051102-530-534,,233919687
H,1,531654,300,3,10,73400,1,10005051102-531,10005051102,-7.50835862105943E1,3.87052092482264E1,P,300,10,2,69,1,,0,1,6,73400,1,,42,1,10005051102-531-535,,
H,1,978949,300,3,10,52200,1,10005051102-532,10005051102,-7.50845666038076E1,3.87052138134912E1,P,200,10,2,66,1,,0,1,1,52200,1,5700,36,1,10005051102-532-536,,909457962
H,1,1186075,300,3,10,51600,1,10005051102-533,10005051102,-7.50841747329347E1,3.87049947232998E1,P,300,10,2,68,1,,0,1,1,51600,1,230,42,1,10005051102-533-537,,304069545
H,1,567080,300,3,10,80000,1,10005051102-534,10005051102,-7.50850571101725E1,3.87044899073514E1,P,102,10,2,72,1,,0,1,6,80000,1,,36,1,10005051102-534-538,,
H,1,108406,300,3,10,72000,1,10005051102-535,10005051102,-7.50843314039232E1,3.87053225613348E1,P,101,10,2,67,1,,0,1,1,72000,1,5240,42,1,10005051102-535-539,,909461444
H,1,352714,300,3,10,74000,1,10005051102-536,10005051102,-7.50868333928228E1,3.8705554535353E1,P,102,10,2,73,1,,0,1,6,74000,1,,34,1,10005051102-536-540,,
H,1,932793,300,3,10,67000,1,10005051102-537,10005051102,-7.50857365331871E1,3.8705999704689E1,P,102,10,2,65,1,,0,1,1,67000,1,350,42,1,10005051102-537-541,,518055348
H,1,98447,300,3,10,50000,1,10005051102-538,10005051102,-7.50860636871716E1,3.87058062992532E1,P,200,10,1,83,1,,0,1,6,50000,1,,25,1,10005051102-538-542,,
H,1,582363,300,3,10,57170,1,10005051102-539,10005051102,-7.50867945773385E1,3.87056556507494E1,P,300,10,1,81,1,,0,1,6,57170,1,,36,1,10005051102-539-543,,
H,1,56570,300,3,10,67600,1,10005051102-540,10005051102,-7.50871300518975E1,3.87055404487356E1,P,200,10,2,83,1,,0,1,6,67600,2,,301,1,10005051102-540-544,,
H,1,120759,300,3,10,89500,1,10005051102-541,10005051102,-7.50869394097516E1,3.87059941873983E1,P,103,10,2,81,1,,0,1,1,89500,1,3420,34,1,10005051102-541-545,,987673431
H,1,903682,300,3,10,75100,1,10005051102-542,10005051102,-7.50861159563003E1,3.87059815799434E1,P,200,10,1,81,1,,0,1,6,75100,1,,34,1,10005051102-542-546,,
H,1,1403064,300,3,10,78700,1,10005051102-543,10005051102,-7.50866076974851E1,3.87057959603091E1,P,300,10,1,78,1,,0,1,6,78700,1,,10,1,10005051102-543-547,,
H,1,1214985,300,3,10,72000,1,10005051102-544,10005051102,-7.50867245429253E1,3.87057166490183E1,P,102,10,1,83,1,,0,1,6,72000,1,,42,1,10005051102-544-548,,
H,1,1214985,300,3,10,72000,1,10005051102-545,10005051102,-7.5080319804068E1,3.8706431530083E1,P,102,10,1,83,1,,0,1,6,72000,1,,42,1,10005051102-545-549,,
H,1,112646,300,3,10,64810,1,10005051102-546,10005051102,-7.50806294476915E1,3.87062859109516E1,P,102,10,1,77,1,,0,1,6,64810,2,,119,1,10005051102-546-550,,
H,1,761780,300,3,10,65600,1,10005051102-547,10005051102,-7.50809554909926E1,3.87067085964653E1,P,300,10,1,76,1,,0,1,6,65600,1,,9,1,10005051102-547-551,,
H,1,903682,300,3,10,75100,1,10005051102-548,10005051102,-7.5080760347618E1,3.87070065203852E1,P,200,10,1,81,1,,0,1,6,75100,1,,34,1,10005051102-548-552,,
H,1,112646,300,3,10,64810,1,10005051102-549,10005051102,-7.50807203339461E1,3.87067034690968E1,P,102,10,1,77,1,,0,1,6,64810,2,,119,1,10005051102-549-553,,
H,1,120759,300,3,10,89500,1,10005051102-550,10005051102,-7.50809028494051E1,3.87073531319382E1,P,103,10,2,81,1,,0,1,1,89500,1,3420,34,1,10005051102-550-554,,816224034
H,1,1214985,300,3,10,72000,1,10005051102-551,10005051102,-7.50806993292601E1,3.87076986343747E1,P,102,10,1,83,1,,0,1,6,72000,1,,42,1,10005051102-551-555,,
H,1,98447,300,3,10,50000,1,10005051102-552,10005051102,-7.50811039868532E1,3.87077181267842E1,P,200,10,1,83,1,,0,1,6,50000,1,,25,1,10005051102-552-556,,
H,1,975302,300,3,10,63000,1,10005051102-553,10005051102,-7.5076685289711E1,3.8707445993026E1,P,300,10,2,78,1,,0,1,1,63000,1,4760,42,1,10005051102-553-557,,571959337
H,1,1437712,300,3,10,64000,1,10005051102-554,10005051102,-7.50768058817913E1,3.87074195488337E1,P,102,10,2,75,1,,0,1,6,64000,1,,42,1,10005051102-554-558,,
H,1,761780,300,3,10,65600,1,10005051102-555,10005051102,-7.5076853349309E1,3.87077283912023E1,P,300,10,1,76,1,,0,1,6,65600,1,,9,1,10005051102-555-559,,
H,1,98447,300,3,10,50000,1,10005051102-556,10005051102,-7.50765355427998E1,3.87069058555066E1,P,200,10,1,83,1,,0,1,6,50000,1,,25,1,10005051102-556-560,,
H,1,120759,300,3,10,89500,1,10005051102-557,10005051102,-7.50761492648882E1,3.87071575860963E1,P,103,10,2,81,1,,0,1,1,89500,1,3420,34,1,10005051102-557-561,,545158602
H,1,96828,300,3,10,90000,1,10005051102-558,10005051102,-7.50762084285363E1,3.87072921493107E1,P,102,10,2,60,1,,0,1,1,90000,1,3060,10,1,10005051102-558-562,,9145244
H,1,1437712,300,3,10,64000,1,10005051102-559,10005051102,-7.50830652745588E1,3.87059796511551E1,P,102,10,2,75,1,,0,1,6,64000,1,,42,1,10005051102-559-563,,
H,1,1437712,300,3,10,64000,1,10005051102-560,10005051102,-7.50827236729327E1,3.87057634199534E1,P,102,10,2,75,1,,0,1,6,64000,1,,42,1,10005051102-560-564,,
H,1,1214985,300,3,10,72000,1,10005051102-561,10005051102,-7.50822432434468E1,3.87062624667816E1,P,102,10,1,83,1,,0,1,6,72000,1,,42,1,10005051102-561-565,,
H,1,975302,300,3,10,63000,1,10005051102-562,10005051102,-7.50823563154706E1,3.87062819856621E1,P,300,10,2,78,1,,0,1,1,63000,1,4760,42,1,10005051102-562-566,,607293289
H,1,146556,300,3,10,52100,2,10005051102-563,10005051102,-7.50824805010007E1,3.87059269319252E1,P,200,10,2,79,1,,0,1,6,13400,1,,24,1,10005051102-563-567,,
H,1,146556,300,3,10,52100,2,10005051102-563,10005051102,-7.50824805010007E1,3.87059269319252E1,P,200,10,1,45,1,,2,1,3,38700,1,3930,42,1,10005051102-563-568,,
H,1,29108,300,3,10,50200,1,10005051102-564,10005051102,-7.50816842916653E1,3.87069935702455E1,P,200,10,2,79,1,,0,1,6,50200,1,,10,1,10005051102-564-569,,
H,1,112646,300,3,10,64810,1,10005051102-565,10005051102,-7.50826204783078E1,3.87061910739375E1,P,102,10,1,77,1,,0,1,6,64810,2,,119,1,10005051102-565-570,,
H,1,418231,300,3,10,55000,1,10005051102-566,10005051102,-7.50823426386864E1,3.87066761747174E1,P,102,10,1,93,1,,0,1,6,55000,1,,42,1,10005051102-566-571,,
H,1,1101426,300,3,10,97800,1,10005051102-567,10005051102,-7.5083515629338E1,3.87055529066213E1,P,101,10,2,86,1,,0,1,6,97800,1,,42,1,10005051102-567-572,,
H,1,161379,300,3,10,61900,1,10005051102-568,10005051102,-7.5082885624587E1,3.87057647909294E1,P,300,10,2,85,1,,0,1,6,61900,1,,6,1,10005051102-568-573,,
H,1,1101426,300,3,10,97800,1,10005051102-569,10005051102,-7.50817328061773E1,3.87061335439597E1,P,101,10,2,86,1,,0,1,6,97800,1,,42,1,10005051102-569-574,,
H,1,1101426,300,3,10,97800,1,10005051102-570,10005051102,-7.50831929651088E1,3.87056917340231E1,P,101,10,2,86,1,,0,1,6,97800,1,,42,1,10005051102-570-575,,
H,1,945989,300,3,10,54000,1,10005051102-571,10005051102,-7.50833751949484E1,3.87057732601278E1,P,101,10,1,93,1,,0,1,6,54000,1,,42,1,10005051102-571-576,,
H,1,1101426,300,3,10,97800,1,10005051102-572,10005051102,-7.50828701977746E1,3.8705798483197E1,P,101,10,2,86,1,,0,1,6,97800,1,,42,1,10005051102-572-577,,
H,1,161379,300,3,10,61900,1,10005051102-573,10005051102,-7.50851223203051E1,3.8705415501757E1,P,300,10,2,85,1,,0,1,6,61900,1,,6,1,10005051102-573-578,,
H,1,418231,300,3,10,55000,1,10005051102-574,10005051102,-7.5083999621555E1,3.87061882746413E1,P,102,10,1,93,1,,0,1,6,55000,1,,42,1,10005051102-574-579,,
H,1,1101426,300,3,10,97800,1,10005051102-575,10005051102,-7.5084062715746E1,3.87056877692068E1,P,101,10,2,86,1,,0,1,6,97800,1,,42,1,10005051102-575-580,,
H,1,418231,300,3,10,55000,1,10005051102-576,10005051102,-7.50833824614724E1,3.8706439949483E1,P,102,10,1,93,1,,0,1,6,55000,1,,42,1,10005051102-576-581,,
H,1,161379,300,3,10,61900,1,10005051102-577,10005051102,-7.50841479244265E1,3.87061930944274E1,P,300,10,2,85,1,,0,1,6,61900,1,,6,1,10005051102-577-582,,
H,1,1101426,300,3,10,97800,1,10005051102-578,10005051102,-7.50835494307322E1,3.8706800995071E1,P,101,10,2,86,1,,0,1,6,97800,1,,42,1,10005051102-578-583,,
H,1,1101426,300,3,10,97800,1,10005051102-579,10005051102,-7.5084827096029E1,3.87054349778738E1,P,101,10,2,86,1,,0,1,6,97800,1,,42,1,10005051102-579-584,,
H,1,945989,300,3,10,54000,1,10005051102-580,10005051102,-7.50829980504615E1,3.87070199457891E1,P,101,10,1,93,1,,0,1,6,54000,1,,42,1,10005051102-580-585,,
H,1,418231,300,3,10,55000,1,10005051102-581,10005051102,-7.5083260130647E1,3.87066570025851E1,P,102,10,1,93,1,,0,1,6,55000,1,,42,1,10005051102-581-586,,
H,1,1101426,300,3,10,97800,1,10005051102-582,10005051102,-7.50848632692223E1,3.87058028132738E1,P,101,10,2,86,1,,0,1,6,97800,1,,42,1,10005051102-582-587,,
H,1,1038957,300,3,10,116220,1,10005051102-583,10005051102,-7.50841915382165E1,3.8706636843755E1,P,102,10,1,34,1,,0,1,1,116220,1,3050,10,1,10005051102-583-588,,597617893
H,1,609675,300,3,10,114100,1,10005051102-584,10005051102,-7.50843543946164E1,3.8706053453267E1,P,101,10,2,43,1,,0,1,1,114100,1,1006,42,1,10005051102-584-589,,309002475
H,1,524642,300,3,10,120000,1,10005051102-585,10005051102,-7.50853164620968E1,3.87052418097961E1,P,102,10,2,44,1,,0,1,1,120000,1,3050,12,1,10005051102-585-590,,354566622
H,1,954333,300,3,10,103160,1,10005051102-586,10005051102,-7.508543181745E1,3.87051608329826E1,P,300,10,2,37,1,,0,1,1,103160,1,20,10,1,10005051102-586-591,,597335421
H,1,524642,300,3,10,120000,1,10005051102-587,10005051102,-7.50854481525748E1,3.87053374498235E1,P,102,10,2,44,1,,0,1,1,120000,1,3050,12,1,10005051102-587-592,,545158602
H,1,28913,300,3,10,140200,1,10005051102-588,10005051102,-7.50844915297373E1,3.87055784669968E1,P,102,10,2,39,1,,0,1,1,140200,1,800,42,1,10005051102-588-593,,121609531
H,1,622673,300,3,10,130000,1,10005051102-589,10005051102,-7.50852062312611E1,3.87051732096996E1,P,102,10,1,41,1,,0,1,1,130000,1,4850,24,1,10005051102-589-594,,121603039
H,1,622673,300,3,10,130000,1,10005051102-590,10005051102,-7.50858887252587E1,3.87049308875714E1,P,102,10,1,41,1,,0,1,1,130000,1,4850,24,1,10005051102-590-595,,966213027
H,1,767467,300,3,10,150050,1,10005051102-591,10005051102,-7.5085391546729E1,3.8705122472209E1,P,102,10,1,54,1,,0,1,1,150050,1,1720,39,1,10005051102-591-596,,1704683
H,1,830154,300,3,10,160000,1,10005051102-592,10005051102,-7.50841621293436E1,3.87058598043648E1,P,102,10,2,51,1,,0,1,1,160000,1,430,10,1,10005051102-592-597,,121601546
H,1,1250078,300,3,10,106000,1,10005051102-593,10005051102,-7.5083203819872E1,3.87069018778472E1,P,102,10,2,46,1,,0,1,1,106000,1,120,10,1,10005051102-593-598,,493530273
H,1,1258758,300,3,10,169000,1,10005051102-594,10005051102,-7.50827613690785E1,3.87070966816644E1,P,300,10,1,48,1,,0,1,1,169000,1,3040,36,1,10005051102-594-599,,1165745
H,1,904791,300,3,10,135000,1,10005051102-595,10005051102,-7.50829079699198E1,3.87070445817216E1,P,103,10,1,52,1,,0,1,1,135000,1,120,10,1,10005051102-595-600,,597617893
H,1,904791,300,3,10,135000,1,10005051102-596,10005051102,-7.50755961423541E1,3.87068294651755E1,P,103,10,1,52,1,,0,1,1,135000,1,120,10,1,10005051102-596-601,,816258289
H,1,830154,300,3,10,160000,1,10005051102-597,10005051102,-7.50754954106681E1,3.87071026801025E1,P,102,10,2,51,1,,0,1,1,160000,1,430,10,1,10005051102-597-602,,1165745
H,1,830154,300,3,10,160000,1,10005051102-598,10005051102,-7.50760444621591E1,3.8706768260679E1,P,102,10,2,51,1,,0,1,1,160000,1,430,10,1,10005051102-598-603,,715350609
H,1,1349711,300,3,10,103000,1,10005051102-599,10005051102,-7.50754506909515E1,3.87072121742973E1,P,200,10,1,54,1,,0,1,1,103000,1,205,10,1,10005051102-599-604,,223572009
H,1,1349711,300,3,10,103000,1,10005051102-600,10005051102,-7.50755709158331E1,3.8707183211047E1,P,200,10,1,54,1,,0,1,1,103000,1,205,10,1,10005051102-600-605,,400173823
H,1,837236,300,3,10,130000,1,10005051102-601,10005051102,-7.50818886829285E1,3.8706900365688E1,P,102,10,1,58,1,,0,1,1,130000,1,726,42,1,10005051102-601-606,,597617893
H,1,595596,300,3,10,100000,1,10005051102-602,10005051102,-7.50828708839773E1,3.8706798956818E1,P,101,10,2,55,1,,0,1,1,100000,1,4850,24,1,10005051102-602-607,,121608954
H,1,328392,300,3,10,102050,1,10005051102-603,10005051102,-7.50825482346356E1,3.8706918582846E1,P,101,10,1,57,1,,0,1,1,102050,1,10,23,1,10005051102-603-608,,423044072
H,1,328392,300,3,10,102050,1,10005051102-604,10005051102,-7.50815271530438E1,3.87068767575733E1,P,101,10,1,57,1,,0,1,1,102050,1,10,23,1,10005051102-604-609,,966212094
H,1,708034,300,3,10,101000,1,10005051102-605,10005051102,-7.50817971033498E1,3.87070123186412E1,P,300,10,1,57,1,,0,1,1,101000,1,1720,10,1,10005051102-605-610,,121578652
H,1,708034,300,3,10,101000,1,10005051102-606,10005051102,-7.50825191351828E1,3.8706712941681E1,P,300,10,1,57,1,,0,1,1,101000,1,1720,10,1,10005051102-606-611,,678075086
H,1,708034,300,3,10,101000,1,10005051102-607,10005051102,-7.5082105112924E1,3.87069005985407E1,P,300,10,1,57,1,,0,1,1,101000,1,1720,10,1,10005051102-607-612,,423002971
H,1,7539,300,3,10,178000,1,10005051102-608,10005051102,-7.50819302785862E1,3.87068216609104E1,P,101,10,1,59,1,,0,1,1,178000,1,530,36,1,10005051102-608-613,,542933544
H,1,708034,300,3,10,101000,1,10005051102-609,10005051102,-7.508251645974E1,3.87070608591947E1,P,300,10,1,57,1,,0,1,1,101000,1,1720,10,1,10005051102-609-614,,966213027
H,1,595596,300,3,10,100000,1,10005051102-610,10005051102,-7.50820078126543E1,3.87069463367145E1,P,101,10,2,55,1,,0,1,1,100000,1,4850,24,1,10005051102-610-615,,423041409
H,1,942227,300,3,10,178000,1,10005051102-611,10005051102,-7.50809928754258E1,3.8706840528787E1,P,102,10,2,57,1,,0,1,1,178000,1,710,22,1,10005051102-611-616,,541552253
H,1,595596,300,3,10,100000,1,10005051102-612,10005051102,-7.50813097171648E1,3.87071908764985E1,P,101,10,2,55,1,,0,1,1,100000,1,4850,24,1,10005051102-612-617,,540899804
H,1,7539,300,3,10,178000,1,10005051102-613,10005051102,-7.50812317369643E1,3.87069117704981E1,P,101,10,1,59,1,,0,1,1,178000,1,530,36,1,10005051102-613-618,,816368500
H,1,708034,300,3,10,101000,1,10005051102-614,10005051102,-7.50811400733986E1,3.87072083862268E1,P,300,10,1,57,1,,0,1,1,101000,1,1720,10,1,10005051102-614-619,,8672347
H,1,837236,300,3,10,130000,1,10005051102-615,10005051102,-7.50811688690776E1,3.87068238012862E1,P,102,10,1,58,1,,0,1,1,130000,1,726,42,1,10005051102-615-620,,121597371
H,1,837236,300,3,10,130000,1,10005051102-616,10005051102,-7.5075525630301E1,3.87076299451306E1,P,102,10,1,58,1,,0,1,1,130000,1,726,42,1,10005051102-616-621,,597617893
H,1,708034,300,3,10,101000,1,10005051102-617,10005051102,-7.5075812149979E1,3.87077970990695E1,P,300,10,1,57,1,,0,1,1,101000,1,1720,10,1,10005051102-617-622,,423036813
H,1,708034,300,3,10,101000,1,10005051102-618,10005051102,-7.50759316722467E1,3.87076661934963E1,P,300,10,1,57,1,,0,1,1,101000,1,1720,10,1,10005051102-618-623,,423036813
H,1,837236,300,3,10,130000,1,10005051102-619,10005051102,-7.50755918263026E1,3.87075965178693E1,P,102,10,1,58,1,,0,1,1,130000,1,726,42,1,10005051102-619-624,,545158602
H,1,244168,300,3,10,110000,1,10005051102-620,10005051102,-7.507636172125E1,3.87073288491692E1,P,103,10,1,60,1,,0,1,1,110000,1,2200,36,1,10005051102-620-625,,374755510
H,1,869994,300,3,10,72000,1,10005051102-621,10005051102,-7.50764024392873E1,3.87070648919423E1,P,103,10,2,62,1,,0,10,1,72000,2,5700,316,1,10005051102-621-626,,230044265
H,1,244168,300,3,10,110000,1,10005051102-622,10005051102,-7.50762818341991E1,3.87075129093948E1,P,103,10,1,60,1,,0,1,1,110000,1,2200,36,1,10005051102-622-627,,816260228
H,1,762291,300,3,10,121200,1,10005051102-623,10005051102,-7.50755741536753E1,3.87075648869511E1,P,300,10,2,67,1,,0,1,6,121200,1,,39,1,10005051102-623-628,,
H,1,735978,300,3,10,181500,1,10005051102-624,10005051102,-7.50759089801577E1,3.87080038470558E1,P,101,10,2,74,1,,0,1,1,181500,1,1530,6,1,10005051102-624-629,,816361620
H,1,1458647,300,3,10,119800,1,10005051102-625,10005051102,-7.5081089840922E1,3.8707397317934E1,P,104,10,2,70,1,,0,1,6,119800,1,,34,1,10005051102-625-630,,
H,1,762291,300,3,10,121200,1,10005051102-626,10005051102,-7.50812436015144E1,3.87070471544052E1,P,300,10,2,67,1,,0,1,6,121200,1,,39,1,10005051102-626-631,,
H,1,660046,300,3,10,136800,1,10005051102-627,10005051102,-7.50806026397063E1,3.87070662975766E1,P,102,10,2,67,1,,0,1,6,136800,1,120,20,1,10005051102-627-632,,
H,1,247275,300,3,10,129560,1,10005051102-628,10005051102,-7.50815667818344E1,3.87075502871302E1,P,102,10,2,69,1,,0,1,6,129560,1,2000,6,1,10005051102-628-633,,
H,1,660046,300,3,10,136800,1,10005051102-629,10005051102,-7.50814426702303E1,3.8707218871783E1,P,102,10,2,67,1,,0,1,6,136800,1,120,20,1,10005051102-629-634,,
H,1,1458647,300,3,10,119800,1,10005051102-630,10005051102,-7.50815019084233E1,3.87073665457097E1,P,104,10,2,70,1,,0,1,6,119800,1,,34,1,10005051102-630-635,,
H,1,762291,300,3,10,121200,1,10005051102-631,10005051102,-7.5081952113394E1,3.87072434926106E1,P,300,10,2,67,1,,0,1,6,121200,1,,39,1,10005051102-631-636,,
H,1,762291,300,3,10,121200,1,10005051102-632,10005051102,-7.50826259847543E1,3.8707251593833E1,P,300,10,2,67,1,,0,1,6,121200,1,,39,1,10005051102-632-637,,
H,1,889456,300,3,10,119800,1,10005051102-633,10005051102,-7.50822867106365E1,3.8706852220169E1,P,102,10,2,88,1,,0,1,6,119800,1,,34,1,10005051102-633-638,,
H,1,889456,300,3,10,119800,1,10005051102-634,10005051102,-7.50809839878638E1,3.87070482128767E1,P,102,10,2,88,1,,0,1,6,119800,1,,34,1,10005051102-634-639,,
H,1,889456,300,3,10,119800,1,10005051102-635,10005051102,-7.50819765819058E1,3.87069781623568E1,P,102,10,2,88,1,,0,1,6,119800,1,,34,1,10005051102-635-640,,
H,1,889456,300,3,10,119800,1,10005051102-636,10005051102,-7.50835443432443E1,3.8707501765712E1,P,102,10,2,88,1,,0,1,6,119800,1,,34,1,10005051102-636-641,,
H,1,889456,300,3,10,119800,1,10005051102-637,10005051102,-7.508271791377E1,3.87073290400055E1,P,102,10,2,88,1,,0,1,6,119800,1,,34,1,10005051102-637-642,,
H,1,770525,300,3,10,378200,1,10005051102-638,10005051102,-7.50833124472842E1,3.8707619989148E1,P,200,10,1,42,1,,0,1,1,378200,1,300,29,1,10005051102-638-643,,966223950
H,1,770525,300,3,10,378200,1,10005051102-639,10005051102,-7.50832964430962E1,3.87073534161976E1,P,200,10,1,42,1,,0,1,1,378200,1,300,29,1,10005051102-639-644,,5295159
H,1,1434461,300,3,10,378000,1,10005051102-640,10005051102,-7.50825872846141E1,3.87074654188187E1,P,101,10,2,38,1,,0,1,1,378000,1,2100,10,1,10005051102-640-645,,697463800
H,1,770525,300,3,10,378200,1,10005051102-641,10005051102,-7.5082826811732E1,3.87073389538685E1,P,200,10,1,42,1,,0,1,1,378200,1,300,29,1,10005051102-641-646,,816365845
H,1,770525,300,3,10,378200,1,10005051102-642,10005051102,-7.50933678034355E1,3.87089011290641E1,P,200,10,1,42,1,,0,1,1,378200,1,300,29,1,10005051102-642-647,,5295001
H,1,275302,300,3,10,206000,1,10005051102-643,10005051102,-7.50927202919423E1,3.87083925033287E1,P,300,10,2,58,1,,0,1,6,206000,1,420,34,1,10005051102-643-648,,
H,1,275302,300,3,10,206000,1,10005051102-644,10005051102,-7.5081876767699E1,3.87088477516126E1,P,300,10,2,58,1,,0,1,6,206000,1,420,34,1,10005051102-644-649,,
H,1,275302,300,3,10,206000,1,10005051102-645,10005051102,-7.50832871944773E1,3.8708888478007E1,P,300,10,2,58,1,,0,1,6,206000,1,420,34,1,10005051102-645-650,,
H,1,754753,300,3,10,200000,1,10005051102-646,10005051102,-7.5083689411669E1,3.87088887395592E1,P,300,10,2,58,1,,0,1,1,200000,1,430,42,1,10005051102-646-651,,300283132
H,1,275302,300,3,10,206000,1,10005051102-647,10005051102,-7.508333423399E1,3.87091623279644E1,P,300,10,2,58,1,,0,1,6,206000,1,420,34,1,10005051102-647-652,,
H,1,754753,300,3,10,200000,1,10005051102-648,10005051102,-7.50828843638151E1,3.8708962530822E1,P,300,10,2,58,1,,0,1,1,200000,1,430,42,1,10005051102-648-653,,374755510
H,1,275302,300,3,10,206000,1,10005051102-649,10005051102,-7.50838645102537E1,3.87089712168184E1,P,300,10,2,58,1,,0,1,6,206000,1,420,34,1,10005051102-649-654,,
H,1,1210943,300,3,10,281000,1,10005051102-650,10005051102,-7.50841147800904E1,3.87089591679676E1,P,101,10,2,62,1,,0,1,1,281000,1,5700,10,1,10005051102-650-655,,909459646
H,1,1289605,300,3,10,99000,1,10005051102-651,10005051102,-7.5082746973298E1,3.87091011708597E1,P,102,10,2,61,1,,0,1,1,99000,1,350,50,1,10005051102-651-656,,902098714
H,1,827930,300,3,10,264800,1,10005051102-652,10005051102,-7.5082165415163E1,3.87085517887481E1,P,300,10,1,66,1,,0,1,1,264800,1,2100,11,1,10005051102-652-657,,1165745
H,1,1168748,300,3,10,236500,1,10005051102-653,10005051102,-7.5083740738887E1,3.87089253704826E1,P,102,10,2,74,1,,0,1,6,236500,1,650,10,1,10005051102-653-658,,
H,1,1237396,300,3,10,219900,1,10005051102-654,10005051102,-7.50829623364808E1,3.87087079566167E1,P,102,10,2,74,1,,0,1,6,219900,1,,10,1,10005051102-654-659,,
H,1,1168748,300,3,10,236500,1,10005051102-655,10005051102,-7.50835017173713E1,3.8709028997305E1,P,102,10,2,74,1,,0,1,6,236500,1,650,10,1,10005051102-655-660,,
H,1,1168748,300,3,10,236500,1,10005051102-656,10005051102,-7.50822108075457E1,3.87090299875036E1,P,102,10,2,74,1,,0,1,6,236500,1,650,10,1,10005051102-656-661,,
H,1,1168748,300,3,10,236500,1,10005051102-657,10005051102,-7.50821137806272E1,3.87086270089488E1,P,102,10,2,74,1,,0,1,6,236500,1,650,10,1,10005051102-657-662,,
H,1,827930,300,3,10,264800,1,10005051102-658,10005051102,-7.50834358827498E1,3.87089354196476E1,P,300,10,1,66,1,,0,1,1,264800,1,2100,11,1,10005051102-658-663,,545158602
H,1,1168748,300,3,10,236500,1,10005051102-659,10005051102,-7.50841425122464E1,3.87093219004031E1,P,102,10,2,74,1,,0,1,6,236500,1,650,10,1,10005051102-659-664,,
H,1,1194809,300,3,10,262000,1,10005051102-660,10005051102,-7.50841983057242E1,3.87090732824764E1,P,102,10,2,69,1,,0,1,6,262000,1,,300,1,10005051102-660-665,,
H,1,827930,300,3,10,264800,1,10005051102-661,10005051102,-7.50813902506855E1,3.87085214597422E1,P,300,10,1,66,1,,0,1,1,264800,1,2100,11,1,10005051102-661-666,,597617893
H,1,1237396,300,3,10,219900,1,10005051102-662,10005051102,-7.50813439882315E1,3.87085602605183E1,P,102,10,2,74,1,,0,1,6,219900,1,,10,1,10005051102-662-667,,
H,1,827930,300,3,10,264800,1,10005051102-663,10005051102,-7.50809828387982E1,3.87083045107212E1,P,300,10,1,66,1,,0,1,1,264800,1,2100,11,1,10005051102-663-668,,816242499
H,1,460096,300,3,10,228100,1,10005051102-664,10005051102,-7.5081245455209E1,3.87087794507233E1,P,300,10,2,71,1,,0,1,6,228100,1,,25,1,10005051102-664-669,,
H,1,1168748,300,3,10,236500,1,10005051102-665,10005051102,-7.50806409772312E1,3.87085634164226E1,P,102,10,2,74,1,,0,1,6,236500,1,650,10,1,10005051102-665-670,,
H,1,68263,300,3,10,281000,1,10005051102-666,10005051102,-7.50802208519707E1,3.8708461040052E1,P,101,10,1,84,1,,0,1,1,281000,1,10,36,1,10005051102-666-671,,400174099
H,1,1438927,300,3,10,252900,1,10005051102-667,10005051102,-7.50799990332272E1,3.8708581581323E1,P,102,10,2,82,1,,0,1,6,252900,2,,110,1,10005051102-667-672,,
H,1,1438927,300,3,10,252900,1,10005051102-668,10005051102,-7.50790451297071E1,3.87090543197524E1,P,102,10,2,82,1,,0,1,6,252900,2,,110,1,10005051102-668-673,,
H,1,395549,300,3,10,224000,1,10005051102-669,10005051102,-7.50794876755563E1,3.87089948387675E1,P,300,10,2,83,1,,0,1,6,224000,1,,36,1,10005051102-669-674,,
H,1,1438927,300,3,10,252900,1,10005051102-670,10005051102,-7.50803827264932E1,3.87083632985458E1,P,102,10,2,82,1,,0,1,6,252900,2,,110,1,10005051102-670-675,,
H,1,395549,300,3,10,224000,1,10005051102-671,10005051102,-7.50795053593196E1,3.87088172188134E1,P,300,10,2,83,1,,0,1,6,224000,1,,36,1,10005051102-671-676,,
H,1,1438927,300,3,10,252900,1,10005051102-672,10005051102,-7.50781947470222E1,3.87089122621321E1,P,102,10,2,82,1,,0,1,6,252900,2,,110,1,10005051102-672-677,,
H,1,1115886,300,3,10,227300,1,10005051102-673,10005051102,-7.50796433833158E1,3.87086117620033E1,P,102,10,2,84,1,,0,1,6,227300,1,,10,1,10005051102-673-678,,
H,1,395549,300,3,10,224000,1,10005051102-674,10005051102,-7.50798502003955E1,3.87085314990923E1,P,300,10,2,83,1,,0,1,6,224000,1,,36,1,10005051102-674-679,,
H,1,1438927,300,3,10,252900,1,10005051102-675,10005051102,-7.50789581155504E1,3.87090279953041E1,P,102,10,2,82,1,,0,1,6,252900,2,,110,1,10005051102-675-680,,
H,1,1438927,300,3,10,252900,1,10005051102-676,10005051102,-7.50807803764006E1,3.87088981041767E1,P,102,10,2,82,1,,0,1,6,252900,2,,110,1,10005051102-676-681,,
H,1,1115886,300,3,10,227300,1,10005051102-677,10005051102,-7.50804319107062E1,3.87088052116101E1,P,102,10,2,84,1,,0,1,6,227300,1,,10,1,10005051102-677-682,,
H,1,387333,300,3,10,386000,1,10005051102-678,10005051102,-7.50787028800547E1,3.87091387301978E1,P,101,10,1,82,1,,0,1,1,386000,1,10,10,1,10005051102-678-683,,316762830
H,1,1438927,300,3,10,252900,1,10005051102-679,10005051102,-7.50809614560415E1,3.87087558958237E1,P,102,10,2,82,1,,0,1,6,252900,2,,110,1,10005051102-679-684,,
H,1,387333,300,3,10,386000,1,10005051102-680,10005051102,-7.50799561220271E1,3.87088041504861E1,P,101,10,1,82,1,,0,1,1,386000,1,10,10,1,10005051102-680-685,,9145244
H,1,1115886,300,3,10,227300,1,10005051102-681,10005051102,-7.50785452461662E1,3.8708698574031E1,P,102,10,2,84,1,,0,1,6,227300,1,,10,1,10005051102-681-686,,
H,1,752279,300,3,10,8800,2,10005051102-682,10005051102,-7.50781209120336E1,3.87089412333845E1,P,300,10,1,57,1,,0,1,6,1600,1,430,24,1,10005051102-682-687,,
H,1,752279,300,3,10,8800,2,10005051102-682,10005051102,-7.50781209120336E1,3.87089412333845E1,P,300,10,2,70,1,,1,1,6,7200,1,,24,1,10005051102-682-688,,
H,1,1240239,300,3,10,9100,2,10005051102-683,10005051102,-7.50774215009843E1,3.87090024574344E1,P,300,10,1,74,1,,0,1,6,1600,1,,54,1,10005051102-683-689,,
H,1,1240239,300,3,10,9100,2,10005051102-683,10005051102,-7.50774215009843E1,3.87090024574344E1,P,300,10,2,70,1,,1,1,6,7500,1,,301,1,10005051102-683-690,,
H,1,21830,300,3,10,10900,2,10005051102-684,10005051102,-7.50778130449116E1,3.87091278182688E1,P,103,10,2,46,1,,0,1,3,5900,1,800,42,1,10005051102-684-691,,
H,1,21830,300,3,10,10900,2,10005051102-684,10005051102,-7.50778130449116E1,3.87091278182688E1,P,103,10,1,47,1,,13,1,1,5000,1,9620,10,1,10005051102-684-692,,647528520
H,1,976228,300,3,10,11600,2,10005051102-685,10005051102,-7.50768748227521E1,3.87088073938452E1,P,200,10,2,51,1,,0,1,3,11600,1,5110,10,1,10005051102-685-693,,
H,1,976228,300,3,10,11600,2,10005051102-685,10005051102,-7.50768748227521E1,3.87088073938452E1,P,200,10,2,20,2,15,2,1,6,0,1,,10,1,10005051102-685-694,,
H,1,1176075,300,3,10,14000,2,10005051102-686,10005051102,-7.50761136352942E1,3.8708942305249E1,P,300,10,2,55,1,,0,1,1,14000,1,4710,42,1,10005051102-686-695,,611232364
H,1,1176075,300,3,10,14000,2,10005051102-686,10005051102,-7.50761136352942E1,3.8708942305249E1,P,300,10,1,25,1,,2,1,3,0,1,8830,36,1,10005051102-686-696,,
H,1,1176075,300,3,10,14000,2,10005051102-687,10005051102,-7.50770034127186E1,3.87092515772316E1,P,300,10,2,55,1,,0,1,1,14000,1,4710,42,1,10005051102-687-697,,816258289
H,1,1176075,300,3,10,14000,2,10005051102-687,10005051102,-7.50770034127186E1,3.87092515772316E1,P,300,10,1,25,1,,2,1,3,0,1,8830,36,1,10005051102-687-698,,
H,1,485154,300,3,10,13800,2,10005051102-688,10005051102,-7.50757866193262E1,3.8709231575299E1,P,300,10,2,57,1,,0,1,6,0,1,,10,1,10005051102-688-699,,
H,1,485154,300,3,10,13800,2,10005051102-688,10005051102,-7.50757866193262E1,3.8709231575299E1,P,300,10,1,64,1,,1,1,6,13800,1,,51,1,10005051102-688-700,,
H,1,1221932,300,3,10,14000,2,10005051102-689,10005051102,-7.50771554399837E1,3.8708847646559E1,P,200,10,2,64,1,,0,1,1,14000,1,5240,42,1,10005051102-689-701,,816261754
H,1,1221932,300,3,10,14000,2,10005051102-689,10005051102,-7.50771554399837E1,3.8708847646559E1,P,200,10,1,17,1,,7,1,3,0,1,9920,10,1,10005051102-689-702,,
H,1,1111750,300,3,10,14600,2,10005051102-690,10005051102,-7.50757136180392E1,3.8709393450396E1,P,101,10,1,69,1,,0,1,1,9100,1,4760,10,1,10005051102-690-703,,816214100
H,1,1111750,300,3,10,14600,2,10005051102-690,10005051102,-7.50757136180392E1,3.8709393450396E1,P,101,10,2,70,1,,1,1,1,5500,1,4040,10,1,10005051102-690-704,,121575948
H,1,257618,300,3,10,12200,2,10005051102-691,10005051102,-7.50766752601975E1,3.87088535527115E1,P,104,10,1,69,1,,0,1,1,6800,1,3930,42,1,10005051102-691-705,,518052212
H,1,257618,300,3,10,12200,2,10005051102-691,10005051102,-7.50766752601975E1,3.87088535527115E1,P,104,10,2,69,1,,1,1,6,5400,1,,42,1,10005051102-691-706,,
H,1,975364,300,3,10,10800,2,10005051102-692,10005051102,-7.50770079158197E1,3.8708965408589E1,P,200,10,1,69,1,,0,1,1,10800,1,9610,42,1,10005051102-692-707,,1165745
H,1,975364,300,3,10,10800,2,10005051102-692,10005051102,-7.50770079158197E1,3.8708965408589E1,P,200,10,2,54,1,,13,1,6,0,1,8255,24,1,10005051102-692-708,,
H,1,57572,300,3,10,13000,2,10005051102-693,10005051102,-7.50759676884868E1,3.87090406488023E1,P,104,10,2,65,1,,0,1,6,0,1,120,34,1,10005051102-693-709,,
H,1,57572,300,3,10,13000,2,10005051102-693,10005051102,-7.50759676884868E1,3.87090406488023E1,P,104,10,1,63,1,,1,1,6,13000,1,,34,1,10005051102-693-710,,
H,1,57572,300,3,10,13000,2,10005051102-694,10005051102,-7.50756446381393E1,3.87088530940456E1,P,104,10,2,65,1,,0,1,6,0,1,120,34,1,10005051102-694-711,,
H,1,57572,300,3,10,13000,2,10005051102-694,10005051102,-7.50756446381393E1,3.87088530940456E1,P,104,10,1,63,1,,1,1,6,13000,1,,34,1,10005051102-694-712,,
H,1,822979,300,3,10,12300,2,10005051102-695,10005051102,-7.5076089095735E1,3.87090437010614E1,P,102,10,2,84,1,,0,1,6,10100,1,,42,1,10005051102-695-713,,
H,1,822979,300,3,10,12300,2,10005051102-695,10005051102,-7.5076089095735E1,3.87090437010614E1,P,102,10,1,82,1,,1,1,6,2200,1,,42,1,10005051102-695-714,,
H,1,772156,300,3,10,12000,2,10005051102-696,10005051102,-7.50765291949257E1,3.87090941682148E1,P,200,10,2,77,1,,0,1,6,12000,1,4965,10,1,10005051102-696-715,,
H,1,772156,300,3,10,12000,2,10005051102-696,10005051102,-7.50765291949257E1,3.87090941682148E1,P,200,10,1,49,1,,2,1,6,0,1,6230,10,1,10005051102-696-716,,
H,1,227239,300,3,10,14410,1,10005051102-697,10005051102,-7.5084100848122E1,3.87089286507892E1,P,103,10,1,78,1,,0,1,6,14410,1,,42,1,10005051102-697-717,,
H,1,772156,300,3,10,12000,2,10005051102-698,10005051102,-7.50842009148003E1,3.87085589643425E1,P,200,10,2,77,1,,0,1,6,12000,1,4965,10,1,10005051102-698-718,,
H,1,772156,300,3,10,12000,2,10005051102-698,10005051102,-7.50842009148003E1,3.87085589643425E1,P,200,10,1,49,1,,2,1,6,0,1,6230,10,1,10005051102-698-719,,
H,1,1048865,300,3,10,12600,2,10005051102-699,10005051102,-7.50839005756005E1,3.8708943932777E1,P,104,10,2,93,1,,0,1,6,12600,1,,10,1,10005051102-699-720,,
H,1,1048865,300,3,10,12600,2,10005051102-699,10005051102,-7.50839005756005E1,3.8708943932777E1,P,104,10,1,46,1,,7,1,3,0,1,9130,10,1,10005051102-699-721,,
H,1,1248581,300,3,10,13000,2,10005051102-700,10005051102,-7.50810824623121E1,3.870760677014E1,P,104,10,2,85,1,,0,1,6,13000,1,,34,1,10005051102-700-722,,
H,1,1248581,300,3,10,13000,2,10005051102-700,10005051102,-7.50810824623121E1,3.870760677014E1,P,104,10,1,64,1,,2,1,6,0,1,,34,1,10005051102-700-723,,
H,1,1248581,300,3,10,13000,2,10005051102-701,10005051102,-7.5080656459305E1,3.87081461979954E1,P,104,10,2,85,1,,0,1,6,13000,1,,34,1,10005051102-701-724,,
H,1,1248581,300,3,10,13000,2,10005051102-701,10005051102,-7.5080656459305E1,3.87081461979954E1,P,104,10,1,64,1,,2,1,6,0,1,,34,1,10005051102-701-725,,
H,1,1048865,300,3,10,12600,2,10005051102-702,10005051102,-7.50767657856433E1,3.87077734030116E1,P,104,10,2,93,1,,0,1,6,12600,1,,10,1,10005051102-702-726,,
H,1,1048865,300,3,10,12600,2,10005051102-702,10005051102,-7.50767657856433E1,3.87077734030116E1,P,104,10,1,46,1,,7,1,3,0,1,9130,10,1,10005051102-702-727,,
H,1,132639,300,3,10,15200,2,10005051102-703,10005051102,-7.50767872952353E1,3.87075474532711E1,P,103,10,1,23,1,,0,1,1,12200,1,4220,24,1,10005051102-703-728,,816368500
H,1,132639,300,3,10,15200,2,10005051102-703,10005051102,-7.50767872952353E1,3.87075474532711E1,P,103,10,1,21,1,,12,1,3,3000,1,5620,34,2,10005051102-703-729,,
H,1,211006,300,3,10,17400,2,10005051102-704,10005051102,-7.50767774491488E1,3.8707362099978E1,P,103,10,2,37,1,,0,1,1,8800,1,5620,10,1,10005051102-704-730,,597617893
H,1,211006,300,3,10,17400,2,10005051102-704,10005051102,-7.50767774491488E1,3.8707362099978E1,P,103,10,1,35,1,,13,1,1,8600,1,6260,37,1,10005051102-704-731,,541549705
H,1,1162096,300,3,10,18900,2,10005051102-705,10005051102,-7.50767489222498E1,3.8707979116312E1,P,101,10,1,41,1,,0,5,6,4300,1,,36,1,10005051102-705-732,,
H,1,1162096,300,3,10,18900,2,10005051102-705,10005051102,-7.50767489222498E1,3.8707979116312E1,P,101,10,2,40,1,,1,1,6,14600,1,,34,1,10005051102-705-733,,
H,1,553101,300,3,10,23000,2,10005051102-706,10005051102,-7.50893192309618E1,3.87074832252781E1,P,101,10,2,47,1,,0,1,1,23000,1,3600,10,1,10005051102-706-734,,422999656
H,1,553101,300,3,10,23000,2,10005051102-706,10005051102,-7.50893192309618E1,3.87074832252781E1,P,101,10,2,45,1,,12,1,6,0,1,,10,1,10005051102-706-735,,
H,1,553101,300,3,10,23000,2,10005051102-707,10005051102,-7.5088546158093E1,3.87064481184333E1,P,101,10,2,47,1,,0,1,1,23000,1,3600,10,1,10005051102-707-736,,950245100
H,1,553101,300,3,10,23000,2,10005051102-707,10005051102,-7.5088546158093E1,3.87064481184333E1,P,101,10,2,45,1,,12,1,6,0,1,,10,1,10005051102-707-737,,
H,1,886856,300,3,10,15300,2,10005051102-708,10005051102,-7.50898998300101E1,3.87074653592082E1,P,300,10,1,55,1,,0,1,1,10100,1,630,24,1,10005051102-708-738,,678075086
H,1,886856,300,3,10,15300,2,10005051102-708,10005051102,-7.50898998300101E1,3.87074653592082E1,P,300,10,2,61,1,,1,1,1,5200,1,2550,24,1,10005051102-708-739,,121606883
H,1,973080,300,3,10,24200,2,10005051102-709,10005051102,-7.50881608425231E1,3.87067853141564E1,P,300,10,1,57,1,,0,1,6,24200,1,7330,34,1,10005051102-709-740,,
H,1,973080,300,3,10,24200,2,10005051102-709,10005051102,-7.50881608425231E1,3.87067853141564E1,P,300,10,2,59,1,,1,1,6,0,1,,10,1,10005051102-709-741,,
H,1,196376,300,3,10,18800,2,10005051102-710,10005051102,-7.50896688899356E1,3.87073432547618E1,P,104,10,1,60,1,,0,1,3,5400,1,8810,10,1,10005051102-710-742,,
H,1,196376,300,3,10,18800,2,10005051102-710,10005051102,-7.50896688899356E1,3.87073432547618E1,P,104,10,1,59,1,,5,1,3,13400,1,7800,10,1,10005051102-710-743,,
H,1,1324207,300,3,10,22800,2,10005051102-711,10005051102,-7.50883475102055E1,3.87069537606636E1,P,300,10,1,62,1,,0,1,6,20400,1,,19,1,10005051102-711-744,,
H,1,1324207,300,3,10,22800,2,10005051102-711,10005051102,-7.50883475102055E1,3.87069537606636E1,P,300,10,2,66,1,,1,1,6,2400,1,,42,1,10005051102-711-745,,
H,1,271513,300,3,10,18000,2,10005051102-712,10005051102,-7.50896341525391E1,3.87076812189191E1,P,300,10,2,63,1,,0,1,6,18000,1,,9,1,10005051102-712-746,,
H,1,271513,300,3,10,18000,2,10005051102-712,10005051102,-7.50896341525391E1,3.87076812189191E1,P,300,10,1,65,1,,1,1,6,0,1,,42,1,10005051102-712-747,,
H,1,71879,300,3,10,19500,2,10005051102-713,10005051102,-7.50894286095746E1,3.87078059080913E1,P,102,10,2,65,1,,0,1,6,10000,1,5600,34,1,10005051102-713-748,,
H,1,71879,300,3,10,19500,2,10005051102-713,10005051102,-7.50894286095746E1,3.87078059080913E1,P,102,10,1,65,1,,1,1,6,9500,1,300,10,1,10005051102-713-749,,
H,1,1296431,300,3,10,20600,2,10005051102-714,10005051102,-7.50882497749448E1,3.87065429418585E1,P,300,10,2,70,1,,0,1,6,7900,1,4720,6,1,10005051102-714-750,,
H,1,1296431,300,3,10,20600,2,10005051102-714,10005051102,-7.50882497749448E1,3.87065429418585E1,P,300,10,1,76,1,,1,1,6,12700,1,,10,1,10005051102-714-751,,
H,1,1436655,300,3,10,15240,2,10005051102-715,10005051102,-7.50885857140575E1,3.87064167949885E1,P,300,10,1,74,1,,0,1,6,15240,1,,42,1,10005051102-715-752,,
H,1,1436655,300,3,10,15240,2,10005051102-715,10005051102,-7.50885857140575E1,3.87064167949885E1,P,300,10,2,72,1,,1,2,6,0,1,,35,1,10005051102-715-753,,
H,1,1167244,300,3,10,24000,2,10005051102-716,10005051102,-7.50893850675808E1,3.87075045604392E1,P,102,10,1,73,1,,0,1,6,24000,1,,10,1,10005051102-716-754,,
H,1,1167244,300,3,10,24000,2,10005051102-716,10005051102,-7.50893850675808E1,3.87075045604392E1,P,102,10,2,53,1,,1,1,6,0,1,,10,1,10005051102-716-755,,
H,1,594127,300,3,10,24800,2,10005051102-717,10005051102,-7.50897529097012E1,3.87078159238692E1,P,104,10,1,65,1,,0,1,1,22500,1,2750,10,1,10005051102-717-756,,472709476
H,1,594127,300,3,10,24800,2,10005051102-717,10005051102,-7.50897529097012E1,3.87078159238692E1,P,104,10,2,71,1,,1,1,6,2300,1,,36,1,10005051102-717-757,,
H,1,1167244,300,3,10,24000,2,10005051102-718,10005051102,-7.50905987916345E1,3.87081161010922E1,P,102,10,1,73,1,,0,1,6,24000,1,,10,1,10005051102-718-758,,
H,1,1167244,300,3,10,24000,2,10005051102-718,10005051102,-7.50905987916345E1,3.87081161010922E1,P,102,10,2,53,1,,1,1,6,0,1,,10,1,10005051102-718-759,,
H,1,1420551,300,3,10,23000,2,10005051102-719,10005051102,-7.50904422819141E1,3.87078003726717E1,P,300,10,2,69,1,,0,1,3,23000,1,4820,42,1,10005051102-719-760,,
H,1,1420551,300,3,10,23000,2,10005051102-719,10005051102,-7.50904422819141E1,3.87078003726717E1,P,300,10,1,42,1,,2,1,3,0,1,540,42,1,10005051102-719-761,,
H,1,702436,300,3,10,23700,2,10005051102-720,10005051102,-7.50900047065684E1,3.87078772790227E1,P,300,10,1,74,1,,0,1,6,16200,1,,11,1,10005051102-720-762,,
H,1,702436,300,3,10,23700,2,10005051102-720,10005051102,-7.50900047065684E1,3.87078772790227E1,P,300,10,2,73,1,,1,1,6,7500,1,,25,1,10005051102-720-763,,
H,1,1420551,300,3,10,23000,2,10005051102-721,10005051102,-7.50907454011532E1,3.87082762310128E1,P,300,10,2,69,1,,0,1,3,23000,1,4820,42,1,10005051102-721-764,,
H,1,1420551,300,3,10,23000,2,10005051102-721,10005051102,-7.50907454011532E1,3.87082762310128E1,P,300,10,1,42,1,,2,1,3,0,1,540,42,1,10005051102-721-765,,
H,1,359598,300,3,10,22920,2,10005051102-722,10005051102,-7.50906779765617E1,3.87083824672398E1,P,102,10,1,81,1,,0,1,6,16160,1,,42,1,10005051102-722-766,,
H,1,359598,300,3,10,22920,2,10005051102-722,10005051102,-7.50906779765617E1,3.87083824672398E1,P,102,10,2,79,1,,1,1,6,6760,1,,42,1,10005051102-722-767,,
H,1,359598,300,3,10,22920,2,10005051102-723,10005051102,-7.50906893286301E1,3.8708483038727E1,P,102,10,1,81,1,,0,1,6,16160,1,,42,1,10005051102-723-768,,
H,1,359598,300,3,10,22920,2,10005051102-723,10005051102,-7.50906893286301E1,3.8708483038727E1,P,102,10,2,79,1,,1,1,6,6760,1,,42,1,10005051102-723-769,,
H,1,993218,300,3,10,24320,2,10005051102-724,10005051102,-7.5091219801265E1,3.87085122106484E1,P,300,10,1,80,1,,0,1,6,17020,1,,54,1,10005051102-724-770,,
H,1,993218,300,3,10,24320,2,10005051102-724,10005051102,-7.5091219801265E1,3.87085122106484E1,P,300,10,2,75,1,,1,1,6,7300,1,,54,1,10005051102-724-771,,
H,1,993218,300,3,10,24320,2,10005051102-725,10005051102,-7.5090625895348E1,3.87083178899354E1,P,300,10,1,80,1,,0,1,6,17020,1,,54,1,10005051102-725-772,,
H,1,993218,300,3,10,24320,2,10005051102-725,10005051102,-7.5090625895348E1,3.87083178899354E1,P,300,10,2,75,1,,1,1,6,7300,1,,54,1,10005051102-725-773,,
H,1,143460,300,3,10,21600,2,10005051102-726,10005051102,-7.50912965322041E1,3.8708569622663E1,P,300,10,1,76,1,,0,1,6,10100,1,,24,1,10005051102-726-774,,
H,1,143460,300,3,10,21600,2,10005051102-726,10005051102,-7.50912965322041E1,3.8708569622663E1,P,300,10,2,71,1,,1,1,6,11500,1,,51,1,10005051102-726-775,,
H,1,1006669,300,3,10,23960,2,10005051102-727,10005051102,-7.50912974020835E1,3.87084215074664E1,P,104,10,1,78,1,,0,1,6,16160,1,,10,1,10005051102-727-776,,
H,1,1006669,300,3,10,23960,2,10005051102-727,10005051102,-7.50912974020835E1,3.87084215074664E1,P,104,10,2,78,1,,1,1,6,7800,1,,47,1,10005051102-727-777,,
H,1,565369,300,3,10,24200,2,10005051102-728,10005051102,-7.5091543104424E1,3.87088310427941E1,P,300,10,1,82,1,,0,1,6,13200,1,,24,1,10005051102-728-778,,
H,1,565369,300,3,10,24200,2,10005051102-728,10005051102,-7.5091543104424E1,3.87088310427941E1,P,300,10,2,73,1,,1,1,6,11000,1,,34,1,10005051102-728-779,,
H,1,1083787,300,3,10,17000,2,10005051102-729,10005051102,-7.50917958580616E1,3.87091833140125E1,P,300,10,1,77,1,,0,1,6,12200,1,430,42,1,10005051102-729-780,,
H,1,1083787,300,3,10,17000,2,10005051102-729,10005051102,-7.50917958580616E1,3.87091833140125E1,P,300,10,2,77,1,,1,1,6,4800,1,,42,1,10005051102-729-781,,
H,1,331811,300,3,10,22000,2,10005051102-730,10005051102,-7.50916869871233E1,3.8709284777981E1,P,104,10,1,85,1,,0,1,6,12000,1,,42,1,10005051102-730-782,,
H,1,331811,300,3,10,22000,2,10005051102-730,10005051102,-7.50916869871233E1,3.8709284777981E1,P,104,10,2,85,1,,1,1,6,10000,1,,42,1,10005051102-730-783,,
H,1,579194,300,3,10,23300,2,10005051102-731,10005051102,-7.50918952510511E1,3.87092997649691E1,P,103,10,1,88,1,,0,1,6,16700,2,,119,1,10005051102-731-784,,
H,1,579194,300,3,10,23300,2,10005051102-731,10005051102,-7.50918952510511E1,3.87092997649691E1,P,103,10,2,86,1,,1,1,6,6600,2,,119,1,10005051102-731-785,,
H,1,579194,300,3,10,23300,2,10005051102-732,10005051102,-7.50880046498756E1,3.87067501721543E1,P,103,10,1,88,1,,0,1,6,16700,2,,119,1,10005051102-732-786,,
H,1,579194,300,3,10,23300,2,10005051102-732,10005051102,-7.50880046498756E1,3.87067501721543E1,P,103,10,2,86,1,,1,1,6,6600,2,,119,1,10005051102-732-787,,
H,1,579194,300,3,10,23300,2,10005051102-733,10005051102,-7.50857886823993E1,3.870737698202E1,P,103,10,1,88,1,,0,1,6,16700,2,,119,1,10005051102-733-788,,
H,1,579194,300,3,10,23300,2,10005051102-733,10005051102,-7.50857886823993E1,3.870737698202E1,P,103,10,2,86,1,,1,1,6,6600,2,,119,1,10005051102-733-789,,
H,1,1317092,300,3,10,19200,2,10005051102-734,10005051102,-7.50867239837084E1,3.8707016498735E1,P,300,10,1,88,1,,0,1,6,13000,1,,10,1,10005051102-734-790,,
H,1,1317092,300,3,10,19200,2,10005051102-734,10005051102,-7.50867239837084E1,3.8707016498735E1,P,300,10,2,87,1,,1,1,6,6200,1,,24,1,10005051102-734-791,,
H,1,550368,300,3,10,21400,2,10005051102-735,10005051102,-7.50859530524568E1,3.87070464845726E1,P,102,10,1,87,1,,0,1,6,13800,1,,26,1,10005051102-735-792,,
H,1,550368,300,3,10,21400,2,10005051102-735,10005051102,-7.50859530524568E1,3.87070464845726E1,P,102,10,2,82,1,,1,1,6,7600,1,,36,1,10005051102-735-793,,
H,1,1317092,300,3,10,19200,2,10005051102-736,10005051102,-7.50860233902436E1,3.87076142798398E1,P,300,10,1,88,1,,0,1,6,13000,1,,10,1,10005051102-736-794,,
H,1,1317092,300,3,10,19200,2,10005051102-736,10005051102,-7.50860233902436E1,3.87076142798398E1,P,300,10,2,87,1,,1,1,6,6200,1,,24,1,10005051102-736-795,,
H,1,1317092,300,3,10,19200,2,10005051102-737,10005051102,-7.5086703640496E1,3.87071049588342E1,P,300,10,1,88,1,,0,1,6,13000,1,,10,1,10005051102-737-796,,
H,1,1317092,300,3,10,19200,2,10005051102-737,10005051102,-7.5086703640496E1,3.87071049588342E1,P,300,10,2,87,1,,1,1,6,6200,1,,24,1,10005051102-737-797,,
H,1,550368,300,3,10,21400,2,10005051102-738,10005051102,-7.50878007578373E1,3.87065636851825E1,P,102,10,1,87,1,,0,1,6,13800,1,,26,1,10005051102-738-798,,
H,1,550368,300,3,10,21400,2,10005051102-738,10005051102,-7.50878007578373E1,3.87065636851825E1,P,102,10,2,82,1,,1,1,6,7600,1,,36,1,10005051102-738-799,,
H,1,438359,300,3,10,21100,2,10005051102-739,10005051102,-7.50881339643777E1,3.8706255513939E1,P,104,10,1,52,1,,0,8,1,21100,2,9130,314,8,10005051102-739-800,,121607238
H,1,438359,300,3,10,21100,2,10005051102-739,10005051102,-7.50881339643777E1,3.8706255513939E1,P,104,10,1,13,2,9,2,8,,,1,,10,8,10005051102-739-801,100185000073,
H,1,790598,300,3,10,19000,2,10005051102-740,10005051102,-7.50851200282265E1,3.87081166334851E1,P,300,10,2,40,2,15,0,1,1,15000,2,4020,341,9,10005051102-740-802,,1765700
H,1,790598,300,3,10,19000,2,10005051102-740,10005051102,-7.50851200282265E1,3.87081166334851E1,P,300,10,1,40,1,,1,1,3,4000,1,9620,42,2,10005051102-740-803,,
H,1,134339,300,3,10,16500,2,10005051102-741,10005051102,-7.50870773646955E1,3.87073438139511E1,P,102,10,2,50,1,,0,1,1,15000,1,4200,42,9,10005051102-741-804,,121591408
H,1,134339,300,3,10,16500,2,10005051102-741,10005051102,-7.50870773646955E1,3.87073438139511E1,P,102,10,1,16,2,13,3,1,6,1500,1,,42,1,10005051102-741-805,100017000029,
H,1,1339726,300,3,10,30900,2,10005051102-742,10005051102,-7.5087571656655E1,3.87062059463358E1,P,101,10,2,21,1,,0,1,1,24900,1,5400,26,1,10005051102-742-806,,300282928
H,1,1339726,300,3,10,30900,2,10005051102-742,10005051102,-7.5087571656655E1,3.87062059463358E1,P,101,10,2,51,1,,15,1,3,6000,1,8255,10,1,10005051102-742-807,,
H,1,1084445,300,3,10,34580,2,10005051102-743,10005051102,-7.50870858075378E1,3.87068838600976E1,P,102,10,2,38,1,,0,1,2,1650,1,5700,42,1,10005051102-743-808,,493537948
H,1,1084445,300,3,10,34580,2,10005051102-743,10005051102,-7.50870858075378E1,3.87068838600976E1,P,102,10,1,40,1,,1,1,3,32930,1,5800,42,1,10005051102-743-809,,
H,1,1084445,300,3,10,34580,2,10005051102-744,10005051102,-7.50870282405146E1,3.87063478771953E1,P,102,10,2,38,1,,0,1,2,1650,1,5700,42,1,10005051102-744-810,,455364224
H,1,1084445,300,3,10,34580,2,10005051102-744,10005051102,-7.50870282405146E1,3.87063478771953E1,P,102,10,1,40,1,,1,1,3,32930,1,5800,42,1,10005051102-744-811,,
H,1,1475127,300,3,10,26700,2,10005051102-745,10005051102,-7.5085675811289E1,3.87075902290542E1,P,300,10,1,53,1,,0,2,1,10000,2,6230,303,1,10005051102-745-812,,358769677
H,1,1475127,300,3,10,26700,2,10005051102-745,10005051102,-7.5085675811289E1,3.87075902290542E1,P,300,10,2,48,1,,1,2,1,16700,2,4230,303,1,10005051102-745-813,,987673464
H,1,943193,300,3,10,30000,2,10005051102-746,10005051102,-7.5085709737281E1,3.87078841871585E1,P,300,10,1,50,1,,0,1,1,30000,1,7200,10,1,10005051102-746-814,,716346366
H,1,943193,300,3,10,30000,2,10005051102-746,10005051102,-7.5085709737281E1,3.87078841871585E1,P,300,10,2,50,1,,13,1,6,0,1,,10,1,10005051102-746-815,,
H,1,1335948,300,3,10,33200,2,10005051102-747,10005051102,-7.5086118679502E1,3.87072820112221E1,P,300,10,1,58,1,,0,1,6,22700,1,,42,1,10005051102-747-816,,
H,1,1335948,300,3,10,33200,2,10005051102-747,10005051102,-7.5086118679502E1,3.87072820112221E1,P,300,10,2,54,1,,1,1,1,10500,1,4120,42,1,10005051102-747-817,,423044072
H,1,695624,300,3,10,32000,2,10005051102-748,10005051102,-7.50858698193508E1,3.87076648302005E1,P,300,10,2,55,1,,0,1,6,0,1,,10,1,10005051102-748-818,,
H,1,695624,300,3,10,32000,2,10005051102-748,10005051102,-7.50858698193508E1,3.87076648302005E1,P,300,10,1,59,1,,1,1,1,32000,1,6420,10,1,10005051102-748-819,,816261754
H,1,1239278,300,3,10,30000,2,10005051102-749,10005051102,-7.50865635649212E1,3.87071931633354E1,P,300,10,1,57,1,,0,1,1,30000,1,7315,9,1,10005051102-749-820,,545158602
H,1,1239278,300,3,10,30000,2,10005051102-749,10005051102,-7.50865635649212E1,3.87071931633354E1,P,300,10,2,58,1,,1,1,6,0,1,,42,1,10005051102-749-821,,
H,1,695624,300,3,10,32000,2,10005051102-750,10005051102,-7.50877494577051E1,3.8706336930442E1,P,300,10,2,55,1,,0,1,6,0,1,,10,1,10005051102-750-822,,
H,1,695624,300,3,10,32000,2,10005051102-750,10005051102,-7.50877494577051E1,3.8706336930442E1,P,300,10,1,59,1,,1,1,1,32000,1,6420,10,1,10005051102-750-823,,816259030
H,1,695624,300,3,10,32000,2,10005051102-751,10005051102,-7.50850585611206E1,3.87081829558062E1,P,300,10,2,55,1,,0,1,6,0,1,,10,1,10005051102-751-824,,
H,1,695624,300,3,10,32000,2,10005051102-751,10005051102,-7.50850585611206E1,3.87081829558062E1,P,300,10,1,59,1,,1,1,1,32000,1,6420,10,1,10005051102-751-825,,909464885
H,1,76880,300,3,10,32000,2,10005051102-752,10005051102,-7.5084424267686E1,3.87080161722313E1,P,200,10,1,62,1,,0,1,6,12000,1,,42,1,10005051102-752-826,,
H,1,76880,300,3,10,32000,2,10005051102-752,10005051102,-7.5084424267686E1,3.87080161722313E1,P,200,10,1,49,1,,12,1,1,20000,1,4110,42,1,10005051102-752-827,,121584429
H,1,1301244,300,3,10,34600,2,10005051102-753,10005051102,-7.50768959866643E1,3.8708103958854E1,P,200,10,2,63,1,,0,2,6,29200,1,4600,4,1,10005051102-753-828,,
H,1,1301244,300,3,10,34600,2,10005051102-753,10005051102,-7.50768959866643E1,3.8708103958854E1,P,200,10,1,65,1,,5,2,6,5400,1,,4,1,10005051102-753-829,,
H,1,76880,300,3,10,32000,2,10005051102-754,10005051102,-7.5077420654326E1,3.87081703169103E1,P,200,10,1,62,1,,0,1,6,12000,1,,42,1,10005051102-754-830,,
H,1,76880,300,3,10,32000,2,10005051102-754,10005051102,-7.5077420654326E1,3.87081703169103E1,P,200,10,1,49,1,,12,1,1,20000,1,4110,42,1,10005051102-754-831,,816368500
H,1,76880,300,3,10,32000,2,10005051102-755,10005051102,-7.50771470246618E1,3.87084062634804E1,P,200,10,1,62,1,,0,1,6,12000,1,,42,1,10005051102-755-832,,
H,1,76880,300,3,10,32000,2,10005051102-755,10005051102,-7.50771470246618E1,3.87084062634804E1,P,200,10,1,49,1,,12,1,1,20000,1,4110,42,1,10005051102-755-833,,423036813
H,1,424997,300,3,10,25200,2,10005051102-756,10005051102,-7.5077665565657E1,3.87085250459128E1,P,300,10,2,61,2,15,0,1,3,9000,1,9920,10,1,10005051102-756-834,,
H,1,424997,300,3,10,25200,2,10005051102-756,10005051102,-7.5077665565657E1,3.87085250459128E1,P,300,10,1,77,1,,1,1,6,16200,1,6050,24,1,10005051102-756-835,,
H,1,570777,300,3,10,31600,2,10005051102-757,10005051102,-7.507750715355E1,3.87084105430013E1,P,200,10,2,65,1,,0,1,6,9600,1,5400,24,1,10005051102-757-836,,
H,1,570777,300,3,10,31600,2,10005051102-757,10005051102,-7.507750715355E1,3.87084105430013E1,P,200,10,1,67,1,,1,1,6,22000,1,,24,1,10005051102-757-837,,
H,1,915647,300,3,10,26180,2,10005051102-758,10005051102,-7.50766143962333E1,3.87083261514518E1,P,300,10,1,70,1,,0,1,6,26180,1,430,54,1,10005051102-758-838,,
H,1,915647,300,3,10,26180,2,10005051102-758,10005051102,-7.50766143962333E1,3.87083261514518E1,P,300,10,2,69,1,,1,1,6,0,1,5700,24,1,10005051102-758-839,,
H,1,1189039,300,3,10,32200,2,10005051102-759,10005051102,-7.50753020980187E1,3.87082198743692E1,P,300,10,2,66,1,,0,1,6,6400,1,430,34,1,10005051102-759-840,,
H,1,1189039,300,3,10,32200,2,10005051102-759,10005051102,-7.50753020980187E1,3.87082198743692E1,P,300,10,1,70,1,,1,1,6,25800,1,2750,34,1,10005051102-759-841,,
H,1,1008820,300,3,10,34800,2,10005051102-760,10005051102,-7.50756231280237E1,3.87081358751673E1,P,101,10,1,72,1,,0,1,6,25300,1,,10,1,10005051102-760-842,,
H,1,1008820,300,3,10,34800,2,10005051102-760,10005051102,-7.50756231280237E1,3.87081358751673E1,P,101,10,2,70,1,,1,1,6,9500,1,,10,1,10005051102-760-843,,
H,1,1424708,300,3,10,33000,2,10005051102-761,10005051102,-7.5076574514265E1,3.8708449895361E1,P,104,10,1,73,1,,0,1,6,24600,1,4760,34,1,10005051102-761-844,,
H,1,1424708,300,3,10,33000,2,10005051102-761,10005051102,-7.5076574514265E1,3.8708449895361E1,P,104,10,2,70,1,,1,1,6,8400,1,,42,1,10005051102-761-845,,
H,1,1008820,300,3,10,34800,2,10005051102-762,10005051102,-7.50766362774851E1,3.87084427467924E1,P,101,10,1,72,1,,0,1,6,25300,1,,10,1,10005051102-762-846,,
H,1,1008820,300,3,10,34800,2,10005051102-762,10005051102,-7.50766362774851E1,3.87084427467924E1,P,101,10,2,70,1,,1,1,6,9500,1,,10,1,10005051102-762-847,,
H,1,430625,300,3,10,29800,2,10005051102-763,10005051102,-7.5076424566752E1,3.8708264434765E1,P,300,10,2,70,1,,0,1,6,8800,1,,24,1,10005051102-763-848,,
H,1,430625,300,3,10,29800,2,10005051102-763,10005051102,-7.5076424566752E1,3.8708264434765E1,P,300,10,1,70,1,,1,1,6,21000,1,,24,1,10005051102-763-849,,
H,1,915647,300,3,10,26180,2,10005051102-764,10005051102,-7.50768316728067E1,3.87079581302736E1,P,300,10,1,70,1,,0,1,6,26180,1,430,54,1,10005051102-764-850,,
H,1,915647,300,3,10,26180,2,10005051102-764,10005051102,-7.50768316728067E1,3.87079581302736E1,P,300,10,2,69,1,,1,1,6,0,1,5700,24,1,10005051102-764-851,,
H,1,478544,300,3,10,29080,2,10005051102-765,10005051102,-7.50764108809928E1,3.87083410194777E1,P,103,10,2,65,1,,0,1,1,29080,1,4020,42,1,10005051102-765-852,,933686024
H,1,478544,300,3,10,29080,2,10005051102-765,10005051102,-7.50764108809928E1,3.87083410194777E1,P,103,10,2,32,1,,2,1,6,0,1,,42,1,10005051102-765-853,,
H,1,1358134,300,3,10,34700,2,10005051102-766,10005051102,-7.5076558244888E1,3.87083013657701E1,P,300,10,1,69,1,,0,1,6,17300,1,,34,1,10005051102-766-854,,
H,1,1358134,300,3,10,34700,2,10005051102-766,10005051102,-7.5076558244888E1,3.87083013657701E1,P,300,10,1,81,1,,13,1,6,17400,1,,34,1,10005051102-766-855,,
H,1,948506,300,3,10,29000,2,10005051102-767,10005051102,-7.50851954124201E1,3.8708547322663E1,P,300,10,1,70,1,,0,1,6,19500,1,2340,51,1,10005051102-767-856,,
H,1,948506,300,3,10,29000,2,10005051102-767,10005051102,-7.50851954124201E1,3.8708547322663E1,P,300,10,2,67,1,,1,1,1,9500,1,4610,10,1,10005051102-767-857,,597617893
H,1,1063736,300,3,10,33900,2,10005051102-768,10005051102,-7.50848136785812E1,3.87080149442653E1,P,104,10,1,66,1,,0,1,1,20500,1,4030,10,1,10005051102-768-858,,816246318
H,1,1063736,300,3,10,33900,2,10005051102-768,10005051102,-7.50848136785812E1,3.87080149442653E1,P,104,10,2,64,1,,1,1,6,13400,1,,10,1,10005051102-768-859,,
H,1,485531,300,3,10,27100,2,10005051102-769,10005051102,-7.50849498089211E1,3.8708562866484E1,P,300,10,1,68,1,,0,1,1,20500,1,4030,54,1,10005051102-769-860,,455363861
H,1,485531,300,3,10,27100,2,10005051102-769,10005051102,-7.50849498089211E1,3.8708562866484E1,P,300,10,2,67,1,,1,1,6,6600,1,,10,1,10005051102-769-861,,
H,1,1424708,300,3,10,33000,2,10005051102-770,10005051102,-7.50850925353162E1,3.87084362311277E1,P,104,10,1,73,1,,0,1,6,24600,1,4760,34,1,10005051102-770-862,,
H,1,1424708,300,3,10,33000,2,10005051102-770,10005051102,-7.50850925353162E1,3.87084362311277E1,P,104,10,2,70,1,,1,1,6,8400,1,,42,1,10005051102-770-863,,
H,1,5851,300,3,10,28400,2,10005051102-771,10005051102,-7.50852470172297E1,3.87090125351311E1,P,300,10,1,84,1,,0,1,6,18100,1,,42,1,10005051102-771-864,,
H,1,5851,300,3,10,28400,2,10005051102-771,10005051102,-7.50852470172297E1,3.87090125351311E1,P,300,10,2,79,1,,1,1,6,10300,1,,42,1,10005051102-771-865,,
H,1,1329468,300,3,10,31900,2,10005051102-772,10005051102,-7.50854483824121E1,3.87088390360006E1,P,103,10,1,76,1,,0,1,6,16300,1,,42,1,10005051102-772-866,,
H,1,1329468,300,3,10,31900,2,10005051102-772,10005051102,-7.50854483824121E1,3.87088390360006E1,P,103,10,2,72,1,,1,1,6,15600,1,,42,1,10005051102-772-867,,
H,1,800654,300,3,10,34480,2,10005051102-773,10005051102,-7.5084934161281E1,3.87084246467783E1,P,300,10,1,81,1,,0,1,6,26680,1,,42,1,10005051102-773-868,,
H,1,800654,300,3,10,34480,2,10005051102-773,10005051102,-7.5084934161281E1,3.87084246467783E1,P,300,10,2,75,1,,1,1,6,7800,1,,42,1,10005051102-773-869,,
H,1,250917,300,3,10,33500,2,10005051102-774,10005051102,-7.50855680249004E1,3.8708809399165E1,P,103,10,1,80,1,,0,1,6,13100,1,,10,1,10005051102-774-870,,
H,1,250917,300,3,10,33500,2,10005051102-774,10005051102,-7.50855680249004E1,3.8708809399165E1,P,103,10,2,73,1,,1,1,1,20400,1,4540,26,1,10005051102-774-871,,423032564
H,1,579471,300,3,10,32700,2,10005051102-775,10005051102,-7.50854104320948E1,3.87083296169364E1,P,102,10,1,83,1,,0,1,6,21300,1,,10,1,10005051102-775-872,,
H,1,579471,300,3,10,32700,2,10005051102-775,10005051102,-7.50854104320948E1,3.87083296169364E1,P,102,10,2,79,1,,1,1,6,11400,1,,10,1,10005051102-775-873,,
H,1,45806,300,3,10,28300,2,10005051102-776,10005051102,-7.50860001753404E1,3.87095740296866E1,P,102,10,2,77,1,,0,1,1,28300,1,5240,42,1,10005051102-776-874,,597617893
H,1,45806,300,3,10,28300,2,10005051102-776,10005051102,-7.50860001753404E1,3.87095740296866E1,P,102,10,1,46,1,,2,1,6,0,1,160,10,1,10005051102-776-875,,
H,1,125001,300,3,10,33920,2,10005051102-777,10005051102,-7.5085881521176E1,3.87087583297364E1,P,300,10,1,77,1,,0,1,6,21010,1,,42,1,10005051102-777-876,,
H,1,125001,300,3,10,33920,2,10005051102-777,10005051102,-7.5085881521176E1,3.87087583297364E1,P,300,10,2,77,1,,1,1,6,12910,1,,42,1,10005051102-777-877,,
H,1,45806,300,3,10,28300,2,10005051102-778,10005051102,-7.50854871428453E1,3.87079997192294E1,P,102,10,2,77,1,,0,1,1,28300,1,5240,42,1,10005051102-778-878,,969218858
H,1,45806,300,3,10,28300,2,10005051102-778,10005051102,-7.50854871428453E1,3.87079997192294E1,P,102,10,1,46,1,,2,1,6,0,1,160,10,1,10005051102-778-879,,
H,1,125001,300,3,10,33920,2,10005051102-779,10005051102,-7.50849987869155E1,3.8708306545675E1,P,300,10,1,77,1,,0,1,6,21010,1,,42,1,10005051102-779-880,,
H,1,125001,300,3,10,33920,2,10005051102-779,10005051102,-7.50849987869155E1,3.8708306545675E1,P,300,10,2,77,1,,1,1,6,12910,1,,42,1,10005051102-779-881,,
H,1,246243,300,3,10,31000,2,10005051102-780,10005051102,-7.50805725166548E1,3.87081262568723E1,P,200,10,1,85,1,,0,1,6,13800,1,,10,1,10005051102-780-882,,
H,1,246243,300,3,10,31000,2,10005051102-780,10005051102,-7.50805725166548E1,3.87081262568723E1,P,200,10,2,81,1,,1,1,6,17200,1,,10,1,10005051102-780-883,,
H,1,947747,300,3,10,29800,2,10005051102-781,10005051102,-7.50799257298595E1,3.87082364826098E1,P,300,10,2,85,1,,0,1,6,13900,1,,10,1,10005051102-781-884,,
H,1,947747,300,3,10,29800,2,10005051102-781,10005051102,-7.50799257298595E1,3.87082364826098E1,P,300,10,1,69,1,,1,1,1,15900,1,4250,10,1,10005051102-781-885,,571958073
H,1,246243,300,3,10,31000,2,10005051102-782,10005051102,-7.5078742250951E1,3.87081224850954E1,P,200,10,1,85,1,,0,1,6,13800,1,,10,1,10005051102-782-886,,
H,1,246243,300,3,10,31000,2,10005051102-782,10005051102,-7.5078742250951E1,3.87081224850954E1,P,200,10,2,81,1,,1,1,6,17200,1,,10,1,10005051102-782-887,,
H,1,947747,300,3,10,29800,2,10005051102-783,10005051102,-7.50793590002981E1,3.87084647690624E1,P,300,10,2,85,1,,0,1,6,13900,1,,10,1,10005051102-783-888,,
H,1,947747,300,3,10,29800,2,10005051102-783,10005051102,-7.50793590002981E1,3.87084647690624E1,P,300,10,1,69,1,,1,1,1,15900,1,4250,10,1,10005051102-783-889,,121575211
H,1,1316918,300,3,10,30300,2,10005051102-784,10005051102,-7.50782822823452E1,3.87078083555492E1,P,102,10,2,88,1,,0,1,6,6400,1,,10,1,10005051102-784-890,,
H,1,1316918,300,3,10,30300,2,10005051102-784,10005051102,-7.50782822823452E1,3.87078083555492E1,P,102,10,1,93,1,,1,1,6,23900,1,,10,1,10005051102-784-891,,
H,1,167901,300,3,10,34730,2,10005051102-785,10005051102,-7.5078551967692E1,3.87079003043948E1,P,300,10,1,93,1,,0,1,6,14870,2,,139,1,10005051102-785-892,,
H,1,167901,300,3,10,34730,2,10005051102-785,10005051102,-7.5078551967692E1,3.87079003043948E1,P,300,10,2,93,1,,1,1,6,19860,1,,11,1,10005051102-785-893,,
H,1,1316918,300,3,10,30300,2,10005051102-786,10005051102,-7.50781038612263E1,3.870767455567E1,P,102,10,2,88,1,,0,1,6,6400,1,,10,1,10005051102-786-894,,
H,1,1316918,300,3,10,30300,2,10005051102-786,10005051102,-7.50781038612263E1,3.870767455567E1,P,102,10,1,93,1,,1,1,6,23900,1,,10,1,10005051102-786-895,,
H,1,815583,300,3,10,33700,2,10005051102-787,10005051102,-7.50778215710344E1,3.87076214743014E1,P,103,10,2,38,1,,0,2,1,22000,2,4030,303,8,10005051102-787-896,,541561783
H,1,815583,300,3,10,33700,2,10005051102-787,10005051102,-7.50778215710344E1,3.87076214743014E1,P,103,10,2,28,1,,15,2,1,11700,2,4220,303,8,10005051102-787-897,,541550273
H,1,535249,300,3,10,33000,2,10005051102-788,10005051102,-7.50777713658628E1,3.8707940559241E1,P,200,10,2,59,1,,0,1,6,0,1,,10,9,10005051102-788-898,,
H,1,535249,300,3,10,33000,2,10005051102-788,10005051102,-7.50777713658628E1,3.8707940559241E1,P,200,10,1,58,1,,1,1,1,33000,1,160,10,1,10005051102-788-899,,597617893
H,1,535249,300,3,10,33000,2,10005051102-789,10005051102,-7.50787123981238E1,3.87076073908404E1,P,200,10,2,59,1,,0,1,6,0,1,,10,9,10005051102-789-900,,
H,1,535249,300,3,10,33000,2,10005051102-789,10005051102,-7.50787123981238E1,3.87076073908404E1,P,200,10,1,58,1,,1,1,1,33000,1,160,10,1,10005051102-789-901,,541557617
H,1,1018559,300,3,10,27500,2,10005051102-790,10005051102,-7.50784303276608E1,3.87078322782457E1,P,101,10,2,87,1,,0,1,6,15000,1,7950,37,9,10005051102-790-902,,
H,1,1018559,300,3,10,27500,2,10005051102-790,10005051102,-7.50784303276608E1,3.87078322782457E1,P,101,10,2,55,1,,2,1,6,12500,1,,24,9,10005051102-790-903,,
H,1,1018559,300,3,10,27500,2,10005051102-791,10005051102,-7.5077993908925E1,3.87079193125082E1,P,101,10,2,87,1,,0,1,6,15000,1,7950,37,9,10005051102-791-904,,
H,1,1018559,300,3,10,27500,2,10005051102-791,10005051102,-7.5077993908925E1,3.87079193125082E1,P,101,10,2,55,1,,2,1,6,12500,1,,24,9,10005051102-791-905,,
H,1,1018559,300,3,10,27500,2,10005051102-792,10005051102,-7.50793083607963E1,3.8708110026038E1,P,101,10,2,87,1,,0,1,6,15000,1,7950,37,9,10005051102-792-906,,
H,1,1018559,300,3,10,27500,2,10005051102-792,10005051102,-7.50793083607963E1,3.8708110026038E1,P,101,10,2,55,1,,2,1,6,12500,1,,24,9,10005051102-792-907,,
H,1,1018559,300,3,10,27500,2,10005051102-793,10005051102,-7.50776487438501E1,3.87085156353513E1,P,101,10,2,87,1,,0,1,6,15000,1,7950,37,9,10005051102-793-908,,
H,1,1018559,300,3,10,27500,2,10005051102-793,10005051102,-7.50776487438501E1,3.87085156353513E1,P,101,10,2,55,1,,2,1,6,12500,1,,24,9,10005051102-793-909,,
H,1,1106993,300,3,10,89500,2,10005051102-794,10005051102,-7.50799025109386E1,3.87082046840131E1,P,103,10,2,22,2,15,0,1,1,4500,1,4720,10,1,10005051102-794-910,,715925699
H,1,1106993,300,3,10,89500,2,10005051102-794,10005051102,-7.50799025109386E1,3.87082046840131E1,P,103,10,1,60,1,,6,1,1,85000,1,3730,10,1,10005051102-794-911,,400477301
H,1,1401647,300,3,10,42220,2,10005051102-795,10005051102,-7.50779862849184E1,3.8708046700232E1,P,103,10,2,32,1,,0,1,6,31420,1,,10,1,10005051102-795-912,,
H,1,1401647,300,3,10,42220,2,10005051102-795,10005051102,-7.50779862849184E1,3.8708046700232E1,P,103,10,1,38,1,,15,3,1,10800,1,6260,72,1,10005051102-795-913,,597617893
H,1,1095467,300,3,10,40000,2,10005051102-796,10005051102,-7.50776453114837E1,3.87078714501942E1,P,101,10,1,39,1,,0,1,3,0,1,4020,10,1,10005051102-796-914,,
H,1,1095467,300,3,10,40000,2,10005051102-796,10005051102,-7.50776453114837E1,3.87078714501942E1,P,101,10,1,30,1,,11,3,1,40000,1,5620,10,8,10005051102-796-915,,374755510
H,1,643298,300,3,10,37000,2,10005051102-797,10005051102,-7.50808187767616E1,3.87085112667235E1,P,300,10,2,43,1,,0,1,1,18000,1,5300,11,1,10005051102-797-916,,121610802
H,1,643298,300,3,10,37000,2,10005051102-797,10005051102,-7.50808187767616E1,3.87085112667235E1,P,300,10,1,36,1,,12,1,1,19000,1,4760,11,1,10005051102-797-917,,8306722
H,1,727001,300,3,10,45800,2,10005051102-798,10005051102,-7.50786056408782E1,3.87078209813957E1,P,102,10,1,51,1,,0,1,6,4800,1,,36,1,10005051102-798-918,,
H,1,727001,300,3,10,45800,2,10005051102-798,10005051102,-7.50786056408782E1,3.87078209813957E1,P,102,10,2,47,1,,1,1,1,41000,1,3320,42,1,10005051102-798-919,,121588222
H,1,19619,300,3,10,49600,2,10005051102-799,10005051102,-7.50784698574288E1,3.87079590507276E1,P,101,10,2,52,1,,0,1,1,28500,1,5600,10,1,10005051102-799-920,,571958073
H,1,19619,300,3,10,49600,2,10005051102-799,10005051102,-7.50784698574288E1,3.87079590507276E1,P,101,10,1,51,1,,13,2,1,21100,1,9130,6,1,10005051102-799-921,,374755510
H,1,312301,300,3,10,35000,2,10005051102-800,10005051102,-7.5079093883556E1,3.87082126643918E1,P,300,10,2,49,3,15,0,1,1,17000,1,2300,42,1,10005051102-800-922,,9149501
H,1,312301,300,3,10,35000,2,10005051102-800,10005051102,-7.5079093883556E1,3.87082126643918E1,P,300,10,1,50,1,,13,1,1,18000,1,6050,53,1,10005051102-800-923,,380089664
H,1,1041671,300,3,10,35000,2,10005051102-801,10005051102,-7.50814987884573E1,3.87083746249835E1,P,300,10,2,52,1,,0,1,1,15000,1,4760,10,1,10005051102-801-924,,816199111
H,1,1041671,300,3,10,35000,2,10005051102-801,10005051102,-7.50814987884573E1,3.87083746249835E1,P,300,10,1,58,1,,1,1,1,20000,1,6730,10,1,10005051102-801-925,,472704287
H,1,1105921,300,3,10,39000,2,10005051102-802,10005051102,-7.50813551411893E1,3.870856600207E1,P,300,10,2,45,1,,0,1,2,15000,1,8140,12,1,10005051102-802-926,,597617893
H,1,1105921,300,3,10,39000,2,10005051102-802,10005051102,-7.50813551411893E1,3.870856600207E1,P,300,10,1,54,1,,1,1,1,24000,1,4220,48,1,10005051102-802-927,,816199111
H,1,1113347,300,3,10,42100,2,10005051102-803,10005051102,-7.50816569364662E1,3.87086064823864E1,P,300,10,1,50,1,,0,1,6,42100,1,6320,24,1,10005051102-803-928,,
H,1,1113347,300,3,10,42100,2,10005051102-803,10005051102,-7.50816569364662E1,3.87086064823864E1,P,300,10,2,52,1,,1,1,6,0,1,,24,1,10005051102-803-929,,
H,1,1115113,300,3,10,43150,2,10005051102-804,10005051102,-7.50814299810594E1,3.8708278526192E1,P,300,10,2,58,1,,0,1,1,29000,1,2310,51,1,10005051102-804-930,,597617893
H,1,1115113,300,3,10,43150,2,10005051102-804,10005051102,-7.50814299810594E1,3.8708278526192E1,P,300,10,1,23,1,,3,15,1,14150,2,2540,363,1,10005051102-804-931,,597617893
H,1,512828,300,3,10,45300,2,10005051102-805,10005051102,-7.50756292961327E1,3.87092654360831E1,P,101,10,1,59,1,,0,1,1,42000,1,9600,10,1,10005051102-805-932,,121588164
H,1,512828,300,3,10,45300,2,10005051102-805,10005051102,-7.50756292961327E1,3.87092654360831E1,P,101,10,2,63,1,,13,1,6,3300,1,2010,36,1,10005051102-805-933,,
H,1,271796,300,3,10,47700,2,10005051102-806,10005051102,-7.5075296661665E1,3.87092621228726E1,P,300,10,2,57,1,,0,1,1,39300,2,5120,301,1,10005051102-806-934,,121588131
H,1,271796,300,3,10,47700,2,10005051102-806,10005051102,-7.5075296661665E1,3.87092621228726E1,P,300,10,2,50,1,,12,3,6,8400,1,,72,1,10005051102-806-935,,
H,1,271796,300,3,10,47700,2,10005051102-807,10005051102,-7.50753807469706E1,3.87091224307092E1,P,300,10,2,57,1,,0,1,1,39300,2,5120,301,1,10005051102-807-936,,545158602
H,1,271796,300,3,10,47700,2,10005051102-807,10005051102,-7.50753807469706E1,3.87091224307092E1,P,300,10,2,50,1,,12,3,6,8400,1,,72,1,10005051102-807-937,,
H,1,1115113,300,3,10,43150,2,10005051102-808,10005051102,-7.50754408969753E1,3.87093912614465E1,P,300,10,2,58,1,,0,1,1,29000,1,2310,51,1,10005051102-808-938,,987673449
H,1,1115113,300,3,10,43150,2,10005051102-808,10005051102,-7.50754408969753E1,3.87093912614465E1,P,300,10,1,23,1,,3,15,1,14150,2,2540,363,1,10005051102-808-939,,8306680
H,1,747655,300,3,10,39560,2,10005051102-809,10005051102,-7.50755076851547E1,3.87088614960015E1,P,300,10,2,62,1,,0,1,6,1730,1,150,42,1,10005051102-809-940,,
H,1,747655,300,3,10,39560,2,10005051102-809,10005051102,-7.50755076851547E1,3.87088614960015E1,P,300,10,1,71,1,,1,1,6,37830,1,,42,1,10005051102-809-941,,
H,1,388280,300,3,10,45500,2,10005051102-810,10005051102,-7.5075454733966E1,3.87086159400802E1,P,102,10,1,62,1,,0,1,3,7500,1,4850,42,1,10005051102-810-942,,
H,1,388280,300,3,10,45500,2,10005051102-810,10005051102,-7.5075454733966E1,3.87086159400802E1,P,102,10,2,63,1,,1,1,1,38000,1,910,10,1,10005051102-810-943,,121594931
H,1,388280,300,3,10,45500,2,10005051102-811,10005051102,-7.50755021342564E1,3.8708700593381E1,P,102,10,1,62,1,,0,1,3,7500,1,4850,42,1,10005051102-811-944,,
H,1,388280,300,3,10,45500,2,10005051102-811,10005051102,-7.50755021342564E1,3.8708700593381E1,P,102,10,2,63,1,,1,1,1,38000,1,910,10,1,10005051102-811-945,,545158602
H,1,1224410,300,3,10,48000,2,10005051102-812,10005051102,-7.50754471274843E1,3.87085918846446E1,P,200,10,1,60,1,,0,1,6,16000,1,6320,10,1,10005051102-812-946,,
H,1,1224410,300,3,10,48000,2,10005051102-812,10005051102,-7.50754471274843E1,3.87085918846446E1,P,200,10,2,55,1,,1,1,1,32000,1,5120,10,1,10005051102-812-947,,269075701
H,1,251563,300,3,10,47000,2,10005051102-813,10005051102,-7.50754482704075E1,3.87086282996193E1,P,300,10,1,62,1,,0,1,1,12000,1,6230,10,1,10005051102-813-948,,306054693
H,1,251563,300,3,10,47000,2,10005051102-813,10005051102,-7.50754482704075E1,3.87086282996193E1,P,300,10,2,61,1,,1,1,1,35000,1,5120,10,1,10005051102-813-949,,400694237
H,1,1306819,300,3,10,43500,2,10005051102-814,10005051102,-7.50755758586345E1,3.8708035179637E1,P,300,10,2,63,1,,0,1,1,31500,1,5230,10,1,10005051102-814-950,,816376347
H,1,1306819,300,3,10,43500,2,10005051102-814,10005051102,-7.50755758586345E1,3.8708035179637E1,P,300,10,2,43,1,,2,1,6,12000,1,4700,10,1,10005051102-814-951,,
H,1,240908,300,3,10,41500,2,10005051102-815,10005051102,-7.5075476610982E1,3.87099705570687E1,P,300,10,2,63,1,,0,1,6,30000,1,2200,34,1,10005051102-815-952,,
H,1,240908,300,3,10,41500,2,10005051102-815,10005051102,-7.5075476610982E1,3.87099705570687E1,P,300,10,1,65,1,,13,1,6,11500,1,4710,34,1,10005051102-815-953,,
H,1,271070,300,3,10,48950,2,10005051102-816,10005051102,-7.50756960956133E1,3.87103803668104E1,P,102,10,1,62,1,,0,1,6,38050,1,8610,11,1,10005051102-816-954,,
H,1,271070,300,3,10,48950,2,10005051102-816,10005051102,-7.50756960956133E1,3.87103803668104E1,P,102,10,2,60,1,,1,1,6,10900,1,5700,11,1,10005051102-816-955,,
H,1,485385,300,3,10,85400,2,10005051102-817,10005051102,-7.5075774126446E1,3.87097700787081E1,P,300,10,1,61,1,,0,1,1,72000,1,2100,39,1,10005051102-817-956,,223570839
H,1,485385,300,3,10,85400,2,10005051102-817,10005051102,-7.5075774126446E1,3.87097700787081E1,P,300,10,2,67,1,,1,1,6,13400,1,,9,1,10005051102-817-957,,
H,1,251563,300,3,10,47000,2,10005051102-818,10005051102,-7.50759399274634E1,3.87095869131091E1,P,300,10,1,62,1,,0,1,1,12000,1,6230,10,1,10005051102-818-958,,9145244
H,1,251563,300,3,10,47000,2,10005051102-818,10005051102,-7.50759399274634E1,3.87095869131091E1,P,300,10,2,61,1,,1,1,1,35000,1,5120,10,1,10005051102-818-959,,571958073
H,1,271070,300,3,10,48950,2,10005051102-819,10005051102,-7.50928604359835E1,3.8709965849128E1,P,102,10,1,62,1,,0,1,6,38050,1,8610,11,1,10005051102-819-960,,
H,1,271070,300,3,10,48950,2,10005051102-819,10005051102,-7.50928604359835E1,3.8709965849128E1,P,102,10,2,60,1,,1,1,6,10900,1,5700,11,1,10005051102-819-961,,
H,1,756547,300,3,10,47200,2,10005051102-820,10005051102,-7.5092543623516E1,3.8710313858543E1,P,103,10,1,69,1,,0,1,6,35500,1,2830,42,1,10005051102-820-962,,
H,1,756547,300,3,10,47200,2,10005051102-820,10005051102,-7.5092543623516E1,3.8710313858543E1,P,103,10,2,87,1,,1,1,6,11700,2,,215,6,10005051102-820-963,,
H,1,322245,300,3,10,45000,2,10005051102-821,10005051102,-7.50924319848121E1,3.87142084645147E1,P,102,10,1,73,1,,0,1,1,35000,1,4430,120,1,10005051102-821-964,,1765700
H,1,322245,300,3,10,45000,2,10005051102-821,10005051102,-7.50924319848121E1,3.87142084645147E1,P,102,10,2,72,1,,1,1,6,10000,2,,120,1,10005051102-821-965,,
H,1,1342738,300,3,10,43800,2,10005051102-822,10005051102,-7.50926768039456E1,3.8714513186561E1,P,200,10,1,68,1,,0,1,6,40400,1,,10,1,10005051102-822-966,,
H,1,1342738,300,3,10,43800,2,10005051102-822,10005051102,-7.50926768039456E1,3.8714513186561E1,P,200,10,2,70,1,,1,1,6,3400,1,,10,1,10005051102-822-967,,
H,1,1342738,300,3,10,43800,2,10005051102-823,10005051102,-7.50922802564746E1,3.87145585920773E1,P,200,10,1,68,1,,0,1,6,40400,1,,10,1,10005051102-823-968,,
H,1,1342738,300,3,10,43800,2,10005051102-823,10005051102,-7.50922802564746E1,3.87145585920773E1,P,200,10,2,70,1,,1,1,6,3400,1,,10,1,10005051102-823-969,,
H,1,1401555,300,3,10,41880,2,10005051102-824,10005051102,-7.50763578754661E1,3.87164883151127E1,P,200,10,1,67,1,,0,1,6,22180,1,5000,51,1,10005051102-824-970,,
H,1,1401555,300,3,10,41880,2,10005051102-824,10005051102,-7.50763578754661E1,3.87164883151127E1,P,200,10,2,67,1,,1,1,6,19700,1,160,51,1,10005051102-824-971,,
H,1,62494,300,3,10,46000,2,10005051102-825,10005051102,-7.50793696431407E1,3.8716267988517E1,P,300,10,1,74,1,,0,1,6,30000,1,,34,1,10005051102-825-972,,
H,1,62494,300,3,10,46000,2,10005051102-825,10005051102,-7.50793696431407E1,3.8716267988517E1,P,300,10,1,67,1,,13,1,6,16000,1,,42,1,10005051102-825-973,,
H,1,634068,300,3,10,39500,2,10005051102-826,10005051102,-7.50790499397862E1,3.87161047587455E1,P,104,10,1,72,1,,0,1,6,22900,1,1410,34,1,10005051102-826-974,,
H,1,634068,300,3,10,39500,2,10005051102-826,10005051102,-7.50790499397862E1,3.87161047587455E1,P,104,10,2,72,1,,1,1,6,16600,1,5860,34,1,10005051102-826-975,,
H,1,662685,300,3,10,42700,2,10005051102-827,10005051102,-7.50798869866984E1,3.87162850535425E1,P,300,10,2,73,1,,0,1,1,24300,1,4700,36,1,10005051102-827-976,,121599674
H,1,662685,300,3,10,42700,2,10005051102-827,10005051102,-7.50798869866984E1,3.87162850535425E1,P,300,10,1,46,1,,2,1,1,18400,1,4430,10,1,10005051102-827-977,,455364224
H,1,356655,300,3,10,42100,2,10005051102-828,10005051102,-7.50790059358611E1,3.87166022637997E1,P,300,10,1,70,1,,0,1,1,32900,2,5620,110,1,10005051102-828-978,,9145244
H,1,356655,300,3,10,42100,2,10005051102-828,10005051102,-7.50790059358611E1,3.87166022637997E1,P,300,10,2,63,1,,1,1,6,9200,1,,24,1,10005051102-828-979,,
H,1,816723,300,3,10,38700,2,10005051102-829,10005051102,-7.5078489031318E1,3.87162406430273E1,P,300,10,1,68,1,,0,1,3,27700,1,4220,42,1,10005051102-829-980,,
H,1,816723,300,3,10,38700,2,10005051102-829,10005051102,-7.5078489031318E1,3.87162406430273E1,P,300,10,2,66,1,,1,1,6,11000,1,,42,1,10005051102-829-981,,
H,1,950249,300,3,10,40300,2,10005051102-830,10005051102,-7.50788830814548E1,3.87164644160327E1,P,200,10,2,71,1,,0,1,6,19700,1,,24,1,10005051102-830-982,,
H,1,950249,300,3,10,40300,2,10005051102-830,10005051102,-7.50788830814548E1,3.87164644160327E1,P,200,10,1,83,1,,1,1,6,20600,1,,46,1,10005051102-830-983,,
H,1,938389,300,3,10,38400,2,10005051102-831,10005051102,-7.50781027642904E1,3.8716165113182E1,P,300,10,1,73,1,,0,1,3,32300,1,4220,54,1,10005051102-831-984,,
H,1,938389,300,3,10,38400,2,10005051102-831,10005051102,-7.50781027642904E1,3.8716165113182E1,P,300,10,2,70,1,,1,1,6,6100,1,310,11,1,10005051102-831-985,,
H,1,662685,300,3,10,42700,2,10005051102-832,10005051102,-7.50776451057753E1,3.8716195612595E1,P,300,10,2,73,1,,0,1,1,24300,1,4700,36,1,10005051102-832-986,,816372775
H,1,662685,300,3,10,42700,2,10005051102-832,10005051102,-7.50776451057753E1,3.8716195612595E1,P,300,10,1,46,1,,2,1,1,18400,1,4430,10,1,10005051102-832-987,,452187800
H,1,816723,300,3,10,38700,2,10005051102-833,10005051102,-7.50777693515181E1,3.87168569961226E1,P,300,10,1,68,1,,0,1,3,27700,1,4220,42,1,10005051102-833-988,,
H,1,816723,300,3,10,38700,2,10005051102-833,10005051102,-7.50777693515181E1,3.87168569961226E1,P,300,10,2,66,1,,1,1,6,11000,1,,42,1,10005051102-833-989,,
H,1,756547,300,3,10,47200,2,10005051102-834,10005051102,-7.5077480253666E1,3.87162206423337E1,P,103,10,1,69,1,,0,1,6,35500,1,2830,42,1,10005051102-834-990,,
H,1,756547,300,3,10,47200,2,10005051102-834,10005051102,-7.5077480253666E1,3.87162206423337E1,P,103,10,2,87,1,,1,1,6,11700,2,,215,6,10005051102-834-991,,
H,1,814756,300,3,10,45900,2,10005051102-835,10005051102,-7.50775735220624E1,3.87162627758561E1,P,300,10,2,68,1,,0,1,6,15600,1,2540,42,1,10005051102-835-992,,
H,1,814756,300,3,10,45900,2,10005051102-835,10005051102,-7.50775735220624E1,3.87162627758561E1,P,300,10,2,61,1,,5,1,1,30300,1,4430,42,1,10005051102-835-993,,657041372
H,1,551821,300,3,10,47800,2,10005051102-836,10005051102,-7.50780102930676E1,3.87159808960424E1,P,300,10,1,70,1,,0,1,6,33300,1,,34,1,10005051102-836-994,,
H,1,551821,300,3,10,47800,2,10005051102-836,10005051102,-7.50780102930676E1,3.87159808960424E1,P,300,10,2,67,1,,1,1,6,14500,1,,23,1,10005051102-836-995,,
H,1,134537,300,3,10,44500,2,10005051102-837,10005051102,-7.50774549161647E1,3.87163405210612E1,P,300,10,1,66,1,,0,1,6,36000,1,,24,1,10005051102-837-996,,
H,1,134537,300,3,10,44500,2,10005051102-837,10005051102,-7.50774549161647E1,3.87163405210612E1,P,300,10,2,66,1,,1,1,6,8500,1,,27,1,10005051102-837-997,,
H,1,115480,300,3,10,48000,2,10005051102-838,10005051102,-7.5077122886047E1,3.8716503234913E1,P,300,10,2,68,1,,0,1,6,33500,1,5240,42,1,10005051102-838-998,,
H,1,115480,300,3,10,48000,2,10005051102-838,10005051102,-7.5077122886047E1,3.8716503234913E1,P,300,10,1,74,1,,1,1,6,14500,1,,24,1,10005051102-838-999,,
H,1,551821,300,3,10,47800,2,10005051102-839,10005051102,-7.50769633598522E1,3.87163723955696E1,P,300,10,1,70,1,,0,1,6,33300,1,,34,1,10005051102-839-1000,,
H,1,551821,300,3,10,47800,2,10005051102-839,10005051102,-7.50769633598522E1,3.87163723955696E1,P,300,10,2,67,1,,1,1,6,14500,1,,23,1,10005051102-839-1001,,
H,1,1037731,300,3,10,44300,2,10005051102-840,10005051102,-7.5076738155568E1,3.87167662540696E1,P,300,10,1,73,1,,0,1,6,34500,1,,34,1,10005051102-840-1002,,
H,1,1037731,300,3,10,44300,2,10005051102-840,10005051102,-7.5076738155568E1,3.87167662540696E1,P,300,10,2,72,1,,1,1,6,9800,1,,24,1,10005051102-840-1003,,
H,1,1418170,300,3,10,37400,2,10005051102-841,10005051102,-7.50763307182142E1,3.87162629822568E1,P,101,10,1,67,1,,0,1,6,3000,1,10,10,1,10005051102-841-1004,,
H,1,1418170,300,3,10,37400,2,10005051102-841,10005051102,-7.50763307182142E1,3.87162629822568E1,P,101,10,2,67,1,,1,1,6,34400,1,,10,1,10005051102-841-1005,,
H,1,1364170,300,3,10,35000,2,10005051102-842,10005051102,-7.50808696969158E1,3.87161328415217E1,P,300,10,2,70,1,,0,1,6,13500,1,,10,1,10005051102-842-1006,,
H,1,1364170,300,3,10,35000,2,10005051102-842,10005051102,-7.50808696969158E1,3.87161328415217E1,P,300,10,1,65,1,,1,1,6,21500,1,,10,1,10005051102-842-1007,,
H,1,1342738,300,3,10,43800,2,10005051102-843,10005051102,-7.50809893328275E1,3.87159828136353E1,P,200,10,1,68,1,,0,1,6,40400,1,,10,1,10005051102-843-1008,,
H,1,1342738,300,3,10,43800,2,10005051102-843,10005051102,-7.50809893328275E1,3.87159828136353E1,P,200,10,2,70,1,,1,1,6,3400,1,,10,1,10005051102-843-1009,,
H,1,1037731,300,3,10,44300,2,10005051102-844,10005051102,-7.50799240771668E1,3.87160367323043E1,P,300,10,1,73,1,,0,1,6,34500,1,,34,1,10005051102-844-1010,,
H,1,1037731,300,3,10,44300,2,10005051102-844,10005051102,-7.50799240771668E1,3.87160367323043E1,P,300,10,2,72,1,,1,1,6,9800,1,,24,1,10005051102-844-1011,,
H,1,756547,300,3,10,47200,2,10005051102-845,10005051102,-7.50800158869196E1,3.87159370480877E1,P,103,10,1,69,1,,0,1,6,35500,1,2830,42,1,10005051102-845-1012,,
H,1,756547,300,3,10,47200,2,10005051102-845,10005051102,-7.50800158869196E1,3.87159370480877E1,P,103,10,2,87,1,,1,1,6,11700,2,,215,6,10005051102-845-1013,,
H,1,134537,300,3,10,44500,2,10005051102-846,10005051102,-7.5080553386372E1,3.87161238164086E1,P,300,10,1,66,1,,0,1,6,36000,1,,24,1,10005051102-846-1014,,
H,1,134537,300,3,10,44500,2,10005051102-846,10005051102,-7.5080553386372E1,3.87161238164086E1,P,300,10,2,66,1,,1,1,6,8500,1,,27,1,10005051102-846-1015,,
H,1,1400128,300,3,10,44000,2,10005051102-847,10005051102,-7.50800721297344E1,3.87159111991568E1,P,104,10,1,79,1,,0,1,6,17400,1,,29,1,10005051102-847-1016,,
H,1,1400128,300,3,10,44000,2,10005051102-847,10005051102,-7.50800721297344E1,3.87159111991568E1,P,104,10,2,70,1,,1,1,6,26600,1,3255,39,1,10005051102-847-1017,,
H,1,890594,300,3,10,49100,2,10005051102-848,10005051102,-7.50801884201366E1,3.87165308256995E1,P,300,10,1,80,1,,0,1,6,27000,1,4760,24,1,10005051102-848-1018,,
H,1,890594,300,3,10,49100,2,10005051102-848,10005051102,-7.50801884201366E1,3.87165308256995E1,P,300,10,2,65,1,,1,1,1,22100,1,520,24,1,10005051102-848-1019,,816260954
H,1,350021,300,3,10,45100,2,10005051102-849,10005051102,-7.50806190887617E1,3.87159822248755E1,P,103,10,1,82,1,,0,1,6,38500,1,,36,1,10005051102-849-1020,,
H,1,350021,300,3,10,45100,2,10005051102-849,10005051102,-7.50806190887617E1,3.87159822248755E1,P,103,10,2,80,1,,1,1,6,6600,1,,36,1,10005051102-849-1021,,
H,1,1414481,300,3,10,47000,2,10005051102-850,10005051102,-7.50797218239445E1,3.87162713805644E1,P,102,10,1,81,1,,0,1,1,40000,1,700,51,1,10005051102-850-1022,,258588250
H,1,1414481,300,3,10,47000,2,10005051102-850,10005051102,-7.50797218239445E1,3.87162713805644E1,P,102,10,2,76,1,,1,1,6,7000,1,,51,1,10005051102-850-1023,,
H,1,157751,300,3,10,37900,2,10005051102-851,10005051102,-7.50797643494854E1,3.87162201927297E1,P,200,10,1,83,1,,0,1,6,6900,1,,18,1,10005051102-851-1024,,
H,1,157751,300,3,10,37900,2,10005051102-851,10005051102,-7.50797643494854E1,3.87162201927297E1,P,200,10,2,71,1,,1,1,6,31000,1,,10,1,10005051102-851-1025,,
H,1,81669,300,3,10,35100,2,10005051102-852,10005051102,-7.50860933824531E1,3.87154201181714E1,P,103,10,2,75,1,,0,1,1,21300,1,2000,42,1,10005051102-852-1026,,121587059
H,1,81669,300,3,10,35100,2,10005051102-852,10005051102,-7.50860933824531E1,3.87154201181714E1,P,103,10,1,44,1,,2,1,6,13800,1,,42,1,10005051102-852-1027,,
H,1,462808,300,3,10,36800,2,10005051102-853,10005051102,-7.50862939598667E1,3.87155540732932E1,P,103,10,1,82,1,,0,1,6,28800,1,,36,1,10005051102-853-1028,,
H,1,462808,300,3,10,36800,2,10005051102-853,10005051102,-7.50862939598667E1,3.87155540732932E1,P,103,10,2,77,1,,1,1,6,8000,1,,51,1,10005051102-853-1029,,
H,1,1339675,300,3,10,35000,2,10005051102-854,10005051102,-7.50855172480534E1,3.87152341228584E1,P,103,10,2,78,1,,0,1,6,24000,1,,10,1,10005051102-854-1030,,
H,1,1339675,300,3,10,35000,2,10005051102-854,10005051102,-7.50855172480534E1,3.87152341228584E1,P,103,10,1,48,1,,2,1,1,11000,1,9610,10,1,10005051102-854-1031,,610314502
H,1,1273605,300,3,10,40200,2,10005051102-855,10005051102,-7.50858957412457E1,3.87153455507894E1,P,300,10,2,83,1,,0,1,6,14500,1,,24,1,10005051102-855-1032,,
H,1,1273605,300,3,10,40200,2,10005051102-855,10005051102,-7.50858957412457E1,3.87153455507894E1,P,300,10,1,81,1,,15,1,6,25700,1,,37,1,10005051102-855-1033,,
H,1,1400128,300,3,10,44000,2,10005051102-856,10005051102,-7.50856424218253E1,3.87154329959098E1,P,104,10,1,79,1,,0,1,6,17400,1,,29,1,10005051102-856-1034,,
H,1,1400128,300,3,10,44000,2,10005051102-856,10005051102,-7.50856424218253E1,3.87154329959098E1,P,104,10,2,70,1,,1,1,6,26600,1,3255,39,1,10005051102-856-1035,,
H,1,1273605,300,3,10,40200,2,10005051102-857,10005051102,-7.50853200225545E1,3.87155449467496E1,P,300,10,2,83,1,,0,1,6,14500,1,,24,1,10005051102-857-1036,,
H,1,1273605,300,3,10,40200,2,10005051102-857,10005051102,-7.50853200225545E1,3.87155449467496E1,P,300,10,1,81,1,,15,1,6,25700,1,,37,1,10005051102-857-1037,,
H,1,638073,300,3,10,47200,2,10005051102-858,10005051102,-7.50848635931535E1,3.87157571766208E1,P,300,10,1,76,1,,0,1,6,26700,1,,42,1,10005051102-858-1038,,
H,1,638073,300,3,10,47200,2,10005051102-858,10005051102,-7.50848635931535E1,3.87157571766208E1,P,300,10,2,79,1,,1,1,6,20500,1,,37,1,10005051102-858-1039,,
H,1,1339675,300,3,10,35000,2,10005051102-859,10005051102,-7.508470107579E1,3.87157399825104E1,P,103,10,2,78,1,,0,1,6,24000,1,,10,1,10005051102-859-1040,,
H,1,1339675,300,3,10,35000,2,10005051102-859,10005051102,-7.508470107579E1,3.87157399825104E1,P,103,10,1,48,1,,2,1,1,11000,1,9610,10,1,10005051102-859-1041,,373792779
H,1,946670,300,3,10,36400,2,10005051102-860,10005051102,-7.50852419806692E1,3.87154087411796E1,P,300,10,1,75,1,,0,1,6,20600,1,,24,1,10005051102-860-1042,,
H,1,946670,300,3,10,36400,2,10005051102-860,10005051102,-7.50852419806692E1,3.87154087411796E1,P,300,10,2,74,1,,1,1,6,15800,1,,24,1,10005051102-860-1043,,
H,1,845940,300,3,10,44900,2,10005051102-861,10005051102,-7.50848037726001E1,3.87156234855305E1,P,300,10,1,79,1,,0,1,6,31000,1,,24,1,10005051102-861-1044,,
H,1,845940,300,3,10,44900,2,10005051102-861,10005051102,-7.50848037726001E1,3.87156234855305E1,P,300,10,2,70,1,,12,1,1,13900,1,5700,24,1,10005051102-861-1045,,597617893
H,1,638073,300,3,10,47200,2,10005051102-862,10005051102,-7.5084766785189E1,3.8715529194597E1,P,300,10,1,76,1,,0,1,6,26700,1,,42,1,10005051102-862-1046,,
H,1,638073,300,3,10,47200,2,10005051102-862,10005051102,-7.5084766785189E1,3.8715529194597E1,P,300,10,2,79,1,,1,1,6,20500,1,,37,1,10005051102-862-1047,,
H,1,72546,300,3,10,39800,2,10005051102-863,10005051102,-7.50836152035922E1,3.8715526019204E1,P,200,10,1,82,1,,0,1,6,30700,1,,24,1,10005051102-863-1048,,
H,1,72546,300,3,10,39800,2,10005051102-863,10005051102,-7.50836152035922E1,3.8715526019204E1,P,200,10,2,77,1,,1,1,6,9100,1,,24,1,10005051102-863-1049,,
H,1,42499,300,3,10,40000,2,10005051102-864,10005051102,-7.50847087180768E1,3.87153844520144E1,P,102,10,2,79,1,,0,1,6,0,1,,42,1,10005051102-864-1050,,
H,1,42499,300,3,10,40000,2,10005051102-864,10005051102,-7.50847087180768E1,3.87153844520144E1,P,102,10,1,83,1,,1,1,6,40000,1,160,42,1,10005051102-864-1051,,
H,1,1386749,300,3,10,35500,2,10005051102-865,10005051102,-7.50838145600207E1,3.87155052339355E1,P,102,10,1,79,1,,0,1,6,14400,1,,51,1,10005051102-865-1052,,
H,1,1386749,300,3,10,35500,2,10005051102-865,10005051102,-7.50838145600207E1,3.87155052339355E1,P,102,10,2,70,1,,1,1,6,21100,1,4800,10,1,10005051102-865-1053,,
H,1,845940,300,3,10,44900,2,10005051102-866,10005051102,-7.5084408353908E1,3.8715855494012E1,P,300,10,1,79,1,,0,1,6,31000,1,,24,1,10005051102-866-1054,,
H,1,845940,300,3,10,44900,2,10005051102-866,10005051102,-7.5084408353908E1,3.8715855494012E1,P,300,10,2,70,1,,12,1,1,13900,1,5700,24,1,10005051102-866-1055,,597617893
H,1,648476,300,3,10,48600,2,10005051102-867,10005051102,-7.50831742568281E1,3.87156013035192E1,P,104,10,1,78,1,,0,1,6,48600,1,,42,1,10005051102-867-1056,,
H,1,648476,300,3,10,48600,2,10005051102-867,10005051102,-7.50831742568281E1,3.87156013035192E1,P,104,10,2,60,1,,1,1,6,0,1,,42,1,10005051102-867-1057,,
H,1,845940,300,3,10,44900,2,10005051102-868,10005051102,-7.5083003318551E1,3.87158133740366E1,P,300,10,1,79,1,,0,1,6,31000,1,,24,1,10005051102-868-1058,,
H,1,845940,300,3,10,44900,2,10005051102-868,10005051102,-7.5083003318551E1,3.87158133740366E1,P,300,10,2,70,1,,12,1,1,13900,1,5700,24,1,10005051102-868-1059,,176076321
H,1,1440330,300,3,10,49200,2,10005051102-869,10005051102,-7.50836211855948E1,3.8715967690864E1,P,200,10,1,93,1,,0,1,6,31200,1,,42,1,10005051102-869-1060,,
H,1,1440330,300,3,10,49200,2,10005051102-869,10005051102,-7.50836211855948E1,3.8715967690864E1,P,200,10,2,93,1,,1,1,6,18000,1,,27,1,10005051102-869-1061,,
H,1,379440,300,3,10,41400,2,10005051102-870,10005051102,-7.50829860253996E1,3.87158966264756E1,P,103,10,1,90,1,,0,1,6,20700,1,,10,1,10005051102-870-1062,,
H,1,379440,300,3,10,41400,2,10005051102-870,10005051102,-7.50829860253996E1,3.87158966264756E1,P,103,10,2,85,1,,1,1,6,20700,1,,10,1,10005051102-870-1063,,
H,1,1440330,300,3,10,49200,2,10005051102-871,10005051102,-7.50827919166026E1,3.8715765276164E1,P,200,10,1,93,1,,0,1,6,31200,1,,42,1,10005051102-871-1064,,
H,1,1440330,300,3,10,49200,2,10005051102-871,10005051102,-7.50827919166026E1,3.8715765276164E1,P,200,10,2,93,1,,1,1,6,18000,1,,27,1,10005051102-871-1065,,
H,1,1380821,300,3,10,40360,2,10005051102-872,10005051102,-7.50830326523518E1,3.8715972960495E1,P,300,10,1,85,1,,0,1,6,10880,2,,414,1,10005051102-872-1066,,
H,1,1380821,300,3,10,40360,2,10005051102-872,10005051102,-7.50830326523518E1,3.8715972960495E1,P,300,10,2,76,1,,1,1,6,29480,2,,414,1,10005051102-872-1067,,
H,1,379440,300,3,10,41400,2,10005051102-873,10005051102,-7.50816254144554E1,3.87159515917862E1,P,103,10,1,90,1,,0,1,6,20700,1,,10,1,10005051102-873-1068,,
H,1,379440,300,3,10,41400,2,10005051102-873,10005051102,-7.50816254144554E1,3.87159515917862E1,P,103,10,2,85,1,,1,1,6,20700,1,,10,1,10005051102-873-1069,,
H,1,379440,300,3,10,41400,2,10005051102-874,10005051102,-7.50820794058264E1,3.87158689803723E1,P,103,10,1,90,1,,0,1,6,20700,1,,10,1,10005051102-874-1070,,
H,1,379440,300,3,10,41400,2,10005051102-874,10005051102,-7.50820794058264E1,3.87158689803723E1,P,103,10,2,85,1,,1,1,6,20700,1,,10,1,10005051102-874-1071,,
H,1,138559,300,3,10,38300,2,10005051102-875,10005051102,-7.5082914340189E1,3.87156749764285E1,P,300,10,2,87,1,,0,1,6,12600,1,,42,1,10005051102-875-1072,,
H,1,138559,300,3,10,38300,2,10005051102-875,10005051102,-7.5082914340189E1,3.87156749764285E1,P,300,10,1,93,1,,1,1,6,25700,1,,24,1,10005051102-875-1073,,
H,1,138559,300,3,10,38300,2,10005051102-876,10005051102,-7.50828217538358E1,3.87160997107085E1,P,300,10,2,87,1,,0,1,6,12600,1,,42,1,10005051102-876-1074,,
H,1,138559,300,3,10,38300,2,10005051102-876,10005051102,-7.50828217538358E1,3.87160997107085E1,P,300,10,1,93,1,,1,1,6,25700,1,,24,1,10005051102-876-1075,,
H,1,169843,300,3,10,42800,2,10005051102-877,10005051102,-7.5082316127152E1,3.87157650840917E1,P,102,10,1,76,1,,0,1,6,30000,2,,210,8,10005051102-877-1076,,
H,1,169843,300,3,10,42800,2,10005051102-877,10005051102,-7.5082316127152E1,3.87157650840917E1,P,102,10,2,66,1,,1,1,6,12800,1,8740,18,8,10005051102-877-1077,,
H,1,286665,300,3,10,37000,2,10005051102-878,10005051102,-7.50897749505492E1,3.87150584827787E1,P,101,10,2,53,1,,0,1,3,16000,1,5520,10,9,10005051102-878-1078,,
H,1,286665,300,3,10,37000,2,10005051102-878,10005051102,-7.50897749505492E1,3.87150584827787E1,P,101,10,1,45,1,,1,1,1,21000,1,4220,10,2,10005051102-878-1079,,518053152
H,1,1124303,300,3,10,42080,2,10005051102-879,10005051102,-7.50892009534211E1,3.87148786232932E1,P,200,10,1,57,1,,0,1,1,42080,2,3300,341,9,10005051102-879-1080,,816263016
H,1,1124303,300,3,10,42080,2,10005051102-879,10005051102,-7.50892009534211E1,3.87148786232932E1,P,200,10,2,55,1,,1,1,6,0,2,,341,2,10005051102-879-1081,,
H,1,1124303,300,3,10,42080,2,10005051102-880,10005051102,-7.50896250287273E1,3.87147743376536E1,P,200,10,1,57,1,,0,1,1,42080,2,3300,341,9,10005051102-880-1082,,1704683
H,1,1124303,300,3,10,42080,2,10005051102-880,10005051102,-7.50896250287273E1,3.87147743376536E1,P,200,10,2,55,1,,1,1,6,0,2,,341,2,10005051102-880-1083,,
H,1,1106993,300,3,10,89500,2,10005051102-881,10005051102,-7.5089471150276E1,3.87150098503193E1,P,103,10,2,22,2,15,0,1,1,4500,1,4720,10,1,10005051102-881-1084,,648151744
H,1,1106993,300,3,10,89500,2,10005051102-881,10005051102,-7.5089471150276E1,3.87150098503193E1,P,103,10,1,60,1,,6,1,1,85000,1,3730,10,1,10005051102-881-1085,,423036813
H,1,208161,300,3,10,88000,2,10005051102-882,10005051102,-7.50890752805888E1,3.87153282149848E1,P,103,10,1,28,1,,0,1,1,38000,1,3320,10,1,10005051102-882-1086,,423041540
H,1,208161,300,3,10,88000,2,10005051102-882,10005051102,-7.50890752805888E1,3.87153282149848E1,P,103,10,2,28,1,,1,1,1,50000,1,3060,10,1,10005051102-882-1087,,987675758
H,1,1392502,300,3,10,57000,2,10005051102-883,10005051102,-7.5088585589138E1,3.87153427144883E1,P,300,10,1,32,1,,0,1,1,22000,1,430,42,1,10005051102-883-1088,,423019736
H,1,1392502,300,3,10,57000,2,10005051102-883,10005051102,-7.5088585589138E1,3.87153427144883E1,P,300,10,1,34,1,,12,1,1,35000,1,8640,42,1,10005051102-883-1089,,452187800
H,1,1351754,300,3,10,62000,2,10005051102-884,10005051102,-7.50884253258851E1,3.8714734286959E1,P,104,10,1,30,1,,0,1,1,36000,1,8920,10,1,10005051102-884-1090,,668114333
H,1,1351754,300,3,10,62000,2,10005051102-884,10005051102,-7.50884253258851E1,3.8714734286959E1,P,104,10,2,26,1,,13,1,1,26000,1,5240,10,1,10005051102-884-1091,,423012178
H,1,843236,300,3,10,71000,2,10005051102-885,10005051102,-7.50881922884103E1,3.87153376864401E1,P,200,10,1,26,1,,0,1,1,34000,1,9040,36,1,10005051102-885-1092,,816322846
H,1,843236,300,3,10,71000,2,10005051102-885,10005051102,-7.50881922884103E1,3.87153376864401E1,P,200,10,1,28,1,,12,1,1,37000,1,9040,42,1,10005051102-885-1093,,597324722
H,1,213026,300,3,10,79000,2,10005051102-886,10005051102,-7.50881804701043E1,3.87152591339531E1,P,103,10,1,28,1,,0,1,1,46000,1,2850,21,1,10005051102-886-1094,,816365845
H,1,213026,300,3,10,79000,2,10005051102-886,10005051102,-7.50881804701043E1,3.87152591339531E1,P,103,10,2,28,1,,1,2,1,33000,1,3030,303,1,10005051102-886-1095,,400697818
H,1,1451814,300,3,10,72000,2,10005051102-887,10005051102,-7.50882337144787E1,3.8715215946665E1,P,300,10,2,30,1,,0,1,1,27000,1,3420,24,1,10005051102-887-1096,,121583280
H,1,1451814,300,3,10,72000,2,10005051102-887,10005051102,-7.50882337144787E1,3.8715215946665E1,P,300,10,1,36,1,,1,1,1,45000,1,4720,10,1,10005051102-887-1097,,974115545
H,1,1392502,300,3,10,57000,2,10005051102-888,10005051102,-7.50874625891382E1,3.87153320047814E1,P,300,10,1,32,1,,0,1,1,22000,1,430,42,1,10005051102-888-1098,,393471180
H,1,1392502,300,3,10,57000,2,10005051102-888,10005051102,-7.50874625891382E1,3.87153320047814E1,P,300,10,1,34,1,,12,1,1,35000,1,8640,42,1,10005051102-888-1099,,1704683
H,1,324919,300,3,10,68000,2,10005051102-889,10005051102,-7.5087421987988E1,3.8715593294542E1,P,300,10,1,26,3,16,0,1,1,68000,1,3255,10,1,10005051102-889-1100,,966214983
H,1,324919,300,3,10,68000,2,10005051102-889,10005051102,-7.5087421987988E1,3.8715593294542E1,P,300,10,2,1,,,10,1,,,1,,10,1,10005051102-889-1101,,
H,1,904071,300,3,10,70840,2,10005051102-890,10005051102,-7.50874365141635E1,3.87156269233016E1,P,103,10,1,31,1,,0,1,1,38940,1,5700,42,1,10005051102-890-1102,,374755510
H,1,904071,300,3,10,70840,2,10005051102-890,10005051102,-7.50874365141635E1,3.87156269233016E1,P,103,10,2,32,1,,1,1,1,31900,1,5165,42,1,10005051102-890-1103,,597617893
H,1,1474790,300,3,10,63200,2,10005051102-891,10005051102,-7.50878261161543E1,3.87156952007895E1,P,300,10,1,38,1,,0,1,1,33300,1,7340,54,1,10005051102-891-1104,,597323294
H,1,1474790,300,3,10,63200,2,10005051102-891,10005051102,-7.50878261161543E1,3.87156952007895E1,P,300,10,2,29,1,,1,1,1,29900,1,5700,10,1,10005051102-891-1105,,121575617
H,1,1129549,300,3,10,61200,2,10005051102-892,10005051102,-7.50871190515966E1,3.87154290672124E1,P,300,10,1,36,1,,0,1,1,65000,2,8600,109,1,10005051102-892-1106,,423044072
H,1,1129549,300,3,10,61200,2,10005051102-892,10005051102,-7.50871190515966E1,3.87154290672124E1,P,300,10,2,41,1,,1,1,6,-3800,1,4510,42,1,10005051102-892-1107,,
H,1,1474790,300,3,10,63200,2,10005051102-893,10005051102,-7.5086609613271E1,3.8715068779336E1,P,300,10,1,38,1,,0,1,1,33300,1,7340,54,1,10005051102-893-1108,,541550893
H,1,1474790,300,3,10,63200,2,10005051102-893,10005051102,-7.5086609613271E1,3.8715068779336E1,P,300,10,2,29,1,,1,1,1,29900,1,5700,10,1,10005051102-893-1109,,472707389
H,1,1312516,300,3,10,85000,2,10005051102-894,10005051102,-7.50870778984406E1,3.87153706870382E1,P,104,10,1,38,1,,0,1,1,40000,1,1050,10,1,10005051102-894-1110,,816322846
H,1,1312516,300,3,10,85000,2,10005051102-894,10005051102,-7.50870778984406E1,3.87153706870382E1,P,104,10,2,37,1,,1,1,1,45000,1,4700,10,1,10005051102-894-1111,,8672347
H,1,1312516,300,3,10,85000,2,10005051102-895,10005051102,-7.5087077654677E1,3.87151399515741E1,P,104,10,1,38,1,,0,1,1,40000,1,1050,10,1,10005051102-895-1112,,816259345
H,1,1312516,300,3,10,85000,2,10005051102-895,10005051102,-7.5087077654677E1,3.87151399515741E1,P,104,10,2,37,1,,1,1,1,45000,1,4700,10,1,10005051102-895-1113,,597331743
H,1,84236,300,3,10,58500,2,10005051102-896,10005051102,-7.50862153596673E1,3.87156011409198E1,P,200,10,2,36,1,,0,1,1,30000,1,4020,10,1,10005051102-896-1114,,121583280
H,1,84236,300,3,10,58500,2,10005051102-896,10005051102,-7.50862153596673E1,3.87156011409198E1,P,200,10,1,28,1,,13,1,1,28500,1,6200,10,1,10005051102-896-1115,,456246305
H,1,811577,300,3,10,83000,2,10005051102-897,10005051102,-7.50901670123644E1,3.8715205191236E1,P,300,10,2,39,1,,0,1,1,44000,1,5110,42,1,10005051102-897-1116,,540900933
H,1,811577,300,3,10,83000,2,10005051102-897,10005051102,-7.50901670123644E1,3.8715205191236E1,P,300,10,1,40,1,,1,1,1,39000,1,7200,42,1,10005051102-897-1117,,423032747
H,1,1145975,300,3,10,72000,2,10005051102-898,10005051102,-7.50904302407814E1,3.8714995295183E1,P,300,10,1,35,1,,0,1,1,62000,1,2200,24,1,10005051102-898-1118,,545158602
H,1,1145975,300,3,10,72000,2,10005051102-898,10005051102,-7.50904302407814E1,3.8714995295183E1,P,300,10,2,33,2,15,13,1,6,10000,1,20,51,1,10005051102-898-1119,,
H,1,1474790,300,3,10,63200,2,10005051102-899,10005051102,-7.50903837313512E1,3.8715080073495E1,P,300,10,1,38,1,,0,1,1,33300,1,7340,54,1,10005051102-899-1120,,541557278
H,1,1474790,300,3,10,63200,2,10005051102-899,10005051102,-7.50903837313512E1,3.8715080073495E1,P,300,10,2,29,1,,1,1,1,29900,1,5700,10,1,10005051102-899-1121,,541561783
H,1,426705,300,3,10,99000,2,10005051102-900,10005051102,-7.50898677670973E1,3.87150517331542E1,P,200,10,2,44,1,,0,1,1,59000,1,4700,42,1,10005051102-900-1122,,209264761
H,1,426705,300,3,10,99000,2,10005051102-900,10005051102,-7.50898677670973E1,3.87150517331542E1,P,200,10,1,43,1,,1,1,1,40000,1,9620,36,1,10005051102-900-1123,,455364935
H,1,426705,300,3,10,99000,2,10005051102-901,10005051102,-7.5090336856765E1,3.87149108420871E1,P,200,10,2,44,1,,0,1,1,59000,1,4700,42,1,10005051102-901-1124,,816259253
H,1,426705,300,3,10,99000,2,10005051102-901,10005051102,-7.5090336856765E1,3.87149108420871E1,P,200,10,1,43,1,,1,1,1,40000,1,9620,36,1,10005051102-901-1125,,541559142
H,1,932694,300,3,10,90000,2,10005051102-902,10005051102,-7.50829550576306E1,3.87151657856131E1,P,200,10,1,39,1,,0,1,1,90000,1,136,48,1,10005051102-902-1126,,816368500
H,1,932694,300,3,10,90000,2,10005051102-902,10005051102,-7.50829550576306E1,3.87151657856131E1,P,200,10,1,9,2,5,2,1,,,1,,37,1,10005051102-902-1127,100068000082,
H,1,1312516,300,3,10,85000,2,10005051102-903,10005051102,-7.50826048535078E1,3.87147665524354E1,P,104,10,1,38,1,,0,1,1,40000,1,1050,10,1,10005051102-903-1128,,816365829
H,1,1312516,300,3,10,85000,2,10005051102-903,10005051102,-7.50826048535078E1,3.87147665524354E1,P,104,10,2,37,1,,1,1,1,45000,1,4700,10,1,10005051102-903-1129,,400853321
H,1,311570,300,3,10,53500,2,10005051102-904,10005051102,-7.50836045523365E1,3.871489386979E1,P,300,10,2,42,1,,0,1,3,30000,1,9130,10,1,10005051102-904-1130,,
H,1,311570,300,3,10,53500,2,10005051102-904,10005051102,-7.50836045523365E1,3.871489386979E1,P,300,10,1,55,1,,1,1,6,23500,1,,10,9,10005051102-904-1131,,
H,1,1285235,300,3,10,54200,2,10005051102-905,10005051102,-7.50833087728374E1,3.87151967197397E1,P,101,10,2,36,1,,0,1,1,52000,1,2430,36,1,10005051102-905-1132,,374755510
H,1,1285235,300,3,10,54200,2,10005051102-905,10005051102,-7.50833087728374E1,3.87151967197397E1,P,101,10,1,34,1,,1,1,1,2200,1,2720,10,1,10005051102-905-1133,,455353151
H,1,404965,300,3,10,59300,2,10005051102-906,10005051102,-7.50835033238683E1,3.87148578109932E1,P,102,10,2,44,1,,0,1,1,59300,1,4220,12,1,10005051102-906-1134,,367281805
H,1,404965,300,3,10,59300,2,10005051102-906,10005051102,-7.50835033238683E1,3.87148578109932E1,P,102,10,1,10,2,7,2,1,,,1,,10,1,10005051102-906-1135,100185000073,
H,1,84236,300,3,10,58500,2,10005051102-907,10005051102,-7.5082811875109E1,3.87154031143134E1,P,200,10,2,36,1,,0,1,1,30000,1,4020,10,1,10005051102-907-1136,,816375489
H,1,84236,300,3,10,58500,2,10005051102-907,10005051102,-7.5082811875109E1,3.87154031143134E1,P,200,10,1,28,1,,13,1,1,28500,1,6200,10,1,10005051102-907-1137,,423044072
H,1,1285235,300,3,10,54200,2,10005051102-908,10005051102,-7.50831712901442E1,3.87149241315901E1,P,101,10,2,36,1,,0,1,1,52000,1,2430,36,1,10005051102-908-1138,,248233074
H,1,1285235,300,3,10,54200,2,10005051102-908,10005051102,-7.50831712901442E1,3.87149241315901E1,P,101,10,1,34,1,,1,1,1,2200,1,2720,10,1,10005051102-908-1139,,816368500
H,1,244904,300,3,10,84000,2,10005051102-909,10005051102,-7.50828437791325E1,3.87149277471187E1,P,103,10,2,36,1,,0,1,1,34000,1,5700,42,1,10005051102-909-1140,,534468178
H,1,244904,300,3,10,84000,2,10005051102-909,10005051102,-7.50828437791325E1,3.87149277471187E1,P,103,10,1,34,1,,1,1,1,50000,1,110,10,1,10005051102-909-1141,,909458010
H,1,1140010,300,3,10,89000,2,10005051102-910,10005051102,-7.50829879522455E1,3.87151257029302E1,P,102,10,2,39,1,,0,1,1,4000,1,800,42,1,10005051102-910-1142,,816365845
H,1,1140010,300,3,10,89000,2,10005051102-910,10005051102,-7.50829879522455E1,3.87151257029302E1,P,102,10,1,37,1,,1,1,1,85000,1,1530,34,1,10005051102-910-1143,,966213027
H,1,583873,300,3,10,74000,2,10005051102-911,10005051102,-7.50838851075362E1,3.8714954479832E1,P,104,10,1,38,1,,0,1,1,74000,1,1920,10,1,10005051102-911-1144,,518049374
H,1,583873,300,3,10,74000,2,10005051102-911,10005051102,-7.50838851075362E1,3.8714954479832E1,P,104,10,2,33,1,,1,1,6,0,1,4230,10,1,10005051102-911-1145,,
H,1,1344928,300,3,10,58000,2,10005051102-912,10005051102,-7.50831365730394E1,3.87152548743616E1,P,300,10,2,40,1,,0,1,1,18000,1,5300,42,1,10005051102-912-1146,,1165745
H,1,1344928,300,3,10,58000,2,10005051102-912,10005051102,-7.50831365730394E1,3.87152548743616E1,P,300,10,1,40,1,,1,1,1,40000,1,410,42,1,10005051102-912-1147,,541552592
H,1,412580,300,3,10,62000,2,10005051102-913,10005051102,-7.50841622815446E1,3.8715402983341E1,P,103,10,1,44,1,,0,1,1,38350,1,1010,42,1,10005051102-913-1148,,816363352
H,1,412580,300,3,10,62000,2,10005051102-913,10005051102,-7.50841622815446E1,3.8715402983341E1,P,103,10,2,34,1,,1,1,1,23650,1,2320,10,1,10005051102-913-1149,,966223950
H,1,220621,300,3,10,50000,2,10005051102-914,10005051102,-7.50844578034007E1,3.8715154920955E1,P,103,10,1,42,1,,0,1,1,50000,1,6230,25,1,10005051102-914-1150,,374755510
H,1,220621,300,3,10,50000,2,10005051102-914,10005051102,-7.50844578034007E1,3.8715154920955E1,P,103,10,1,8,2,4,2,1,,,1,,10,1,10005051102-914-1151,100108000263,
H,1,1474790,300,3,10,63200,2,10005051102-915,10005051102,-7.5084703517558E1,3.87153551236973E1,P,300,10,1,38,1,,0,1,1,33300,1,7340,54,1,10005051102-915-1152,,545158602
H,1,1474790,300,3,10,63200,2,10005051102-915,10005051102,-7.5084703517558E1,3.87153551236973E1,P,300,10,2,29,1,,1,1,1,29900,1,5700,10,1,10005051102-915-1153,,678075086
H,1,1158476,300,3,10,59000,2,10005051102-916,10005051102,-7.50844755535275E1,3.87152659349763E1,P,104,10,1,38,1,,0,1,1,29000,1,9410,10,1,10005051102-916-1154,,121592216
H,1,1158476,300,3,10,59000,2,10005051102-916,10005051102,-7.50844755535275E1,3.87152659349763E1,P,104,10,2,37,1,,1,1,1,30000,1,2105,42,1,10005051102-916-1155,,493533848
H,1,29271,300,3,10,62420,2,10005051102-917,10005051102,-7.5084821564476E1,3.87152751330372E1,P,300,10,2,48,1,,0,1,1,27000,1,5160,42,1,10005051102-917-1156,,472707074
H,1,29271,300,3,10,62420,2,10005051102-917,10005051102,-7.5084821564476E1,3.87152751330372E1,P,300,10,1,48,1,,1,1,1,35420,1,7810,42,1,10005051102-917-1157,,121606669
H,1,29271,300,3,10,62420,2,10005051102-918,10005051102,-7.50848564602041E1,3.8715608610386E1,P,300,10,2,48,1,,0,1,1,27000,1,5160,42,1,10005051102-918-1158,,816365845
H,1,29271,300,3,10,62420,2,10005051102-918,10005051102,-7.50848564602041E1,3.8715608610386E1,P,300,10,1,48,1,,1,1,1,35420,1,7810,42,1,10005051102-918-1159,,121597371
H,1,1459534,300,3,10,60000,2,10005051102-919,10005051102,-7.50854267939976E1,3.871548065E1,P,200,10,2,54,1,,0,1,1,60000,1,7855,10,1,10005051102-919-1160,,816365688
H,1,1459534,300,3,10,60000,2,10005051102-919,10005051102,-7.50854267939976E1,3.871548065E1,P,200,10,2,22,1,,2,1,6,0,1,,10,1,10005051102-919-1161,,
H,1,740747,300,3,10,65000,2,10005051102-920,10005051102,-7.5085624121899E1,3.87156176128202E1,P,300,10,2,49,1,,0,1,1,50000,1,3255,10,1,10005051102-920-1162,,659009609
H,1,740747,300,3,10,65000,2,10005051102-920,10005051102,-7.5085624121899E1,3.87156176128202E1,P,300,10,1,22,1,,2,1,1,15000,1,3620,24,1,10005051102-920-1163,,423044072
H,1,1420801,300,3,10,53100,2,10005051102-921,10005051102,-7.5081573491441E1,3.87152643675643E1,P,300,10,1,52,1,,0,1,1,53100,1,1300,41,1,10005051102-921-1164,,1704683
H,1,1420801,300,3,10,53100,2,10005051102-921,10005051102,-7.5081573491441E1,3.87152643675643E1,P,300,10,2,51,1,,1,1,6,0,1,,39,1,10005051102-921-1165,,
H,1,1420801,300,3,10,53100,2,10005051102-922,10005051102,-7.50817631846957E1,3.87152129812516E1,P,300,10,1,52,1,,0,1,1,53100,1,1300,41,1,10005051102-922-1166,,652168055
H,1,1420801,300,3,10,53100,2,10005051102-922,10005051102,-7.50817631846957E1,3.87152129812516E1,P,300,10,2,51,1,,1,1,6,0,1,,39,1,10005051102-922-1167,,
H,1,215778,300,3,10,77000,2,10005051102-923,10005051102,-7.50816920967476E1,3.87150439170241E1,P,300,10,1,48,1,,0,1,1,42000,1,4320,24,1,10005051102-923-1168,,646865170
H,1,215778,300,3,10,77000,2,10005051102-923,10005051102,-7.50816920967476E1,3.87150439170241E1,P,300,10,2,54,1,,1,1,1,35000,1,5420,54,1,10005051102-923-1169,,9145244
H,1,954822,300,3,10,83300,2,10005051102-924,10005051102,-7.50813960835874E1,3.87153352198604E1,P,104,10,2,53,1,,0,1,6,36000,1,5700,24,1,10005051102-924-1170,,
H,1,954822,300,3,10,83300,2,10005051102-924,10005051102,-7.50813960835874E1,3.87153352198604E1,P,104,10,1,64,1,,1,1,6,47300,1,430,24,1,10005051102-924-1171,,
H,1,1201560,300,3,10,64000,2,10005051102-925,10005051102,-7.5082168144501E1,3.87148056891158E1,P,300,10,2,54,1,,0,1,1,42000,1,410,34,1,10005051102-925-1172,,597617893
H,1,1201560,300,3,10,64000,2,10005051102-925,10005051102,-7.5082168144501E1,3.87148056891158E1,P,300,10,2,67,1,,12,1,6,22000,1,,34,1,10005051102-925-1173,,
H,1,67487,300,3,10,96000,2,10005051102-926,10005051102,-7.50824639871175E1,3.8715319723292E1,P,300,10,1,45,1,,0,1,3,51000,1,6230,10,1,10005051102-926-1174,,
H,1,67487,300,3,10,96000,2,10005051102-926,10005051102,-7.50824639871175E1,3.8715319723292E1,P,300,10,2,44,1,,1,1,1,45000,1,350,10,1,10005051102-926-1175,,423030691
H,1,887119,300,3,10,56500,2,10005051102-927,10005051102,-7.50821562742124E1,3.87149829373675E1,P,300,10,1,53,1,,0,1,6,13500,1,220,42,1,10005051102-927-1176,,
H,1,887119,300,3,10,56500,2,10005051102-927,10005051102,-7.50821562742124E1,3.87149829373675E1,P,300,10,2,47,1,,13,1,1,43000,1,120,10,1,10005051102-927-1177,,455364406
H,1,849698,300,3,10,84000,2,10005051102-928,10005051102,-7.50823406044348E1,3.87147726865284E1,P,300,10,2,50,1,,0,1,3,24000,1,2630,17,1,10005051102-928-1178,,
H,1,849698,300,3,10,84000,2,10005051102-928,10005051102,-7.50823406044348E1,3.87147726865284E1,P,300,10,1,35,1,,1,1,1,60000,1,50,54,1,10005051102-928-1179,,179049655
H,1,1267940,300,3,10,53000,2,10005051102-929,10005051102,-7.50825118908853E1,3.8714971077646E1,P,101,10,2,45,1,,0,1,1,18000,1,5810,10,1,10005051102-929-1180,,580537504
H,1,1267940,300,3,10,53000,2,10005051102-929,10005051102,-7.50825118908853E1,3.8714971077646E1,P,101,10,1,40,1,,1,1,1,35000,1,6420,10,1,10005051102-929-1181,,541559142
H,1,686180,300,3,10,96500,2,10005051102-930,10005051102,-7.50823702585226E1,3.87149304356016E1,P,102,10,1,52,1,,0,3,1,70100,1,9620,42,1,10005051102-930-1182,,300284320
H,1,686180,300,3,10,96500,2,10005051102-930,10005051102,-7.50823702585226E1,3.87149304356016E1,P,102,10,2,75,1,,13,1,6,26400,1,,24,1,10005051102-930-1183,,
H,1,70390,300,3,10,79000,2,10005051102-931,10005051102,-7.50825754494851E1,3.8714944886185E1,P,102,10,2,48,1,,0,1,1,29000,1,3649,42,1,10005051102-931-1184,,846204
H,1,70390,300,3,10,79000,2,10005051102-931,10005051102,-7.50825754494851E1,3.8714944886185E1,P,102,10,1,56,1,,13,1,1,50000,1,4400,12,1,10005051102-931-1185,,816323208
H,1,1167620,300,3,10,137000,2,10005051102-932,10005051102,-7.50833785660177E1,3.87148877888135E1,P,102,10,2,54,1,,0,1,1,50000,1,2310,25,1,10005051102-932-1186,,374755510
H,1,1167620,300,3,10,137000,2,10005051102-932,10005051102,-7.50833785660177E1,3.87148877888135E1,P,102,10,1,62,1,,1,1,1,87000,1,2310,25,1,10005051102-932-1187,,597617893
H,1,887119,300,3,10,56500,2,10005051102-933,10005051102,-7.50833599768037E1,3.87151316359002E1,P,300,10,1,53,1,,0,1,6,13500,1,220,42,1,10005051102-933-1188,,
H,1,887119,300,3,10,56500,2,10005051102-933,10005051102,-7.50833599768037E1,3.87151316359002E1,P,300,10,2,47,1,,13,1,1,43000,1,120,10,1,10005051102-933-1189,,121573257
H,1,1466826,300,3,10,85000,2,10005051102-934,10005051102,-7.50843258553992E1,3.87150328090942E1,P,300,10,1,53,1,,0,1,1,75000,1,4920,34,1,10005051102-934-1190,,816175061
H,1,1466826,300,3,10,85000,2,10005051102-934,10005051102,-7.50843258553992E1,3.87150328090942E1,P,300,10,2,19,2,15,2,1,1,10000,1,4150,12,1,10005051102-934-1191,,610319253
H,1,215778,300,3,10,77000,2,10005051102-935,10005051102,-7.50825993377187E1,3.87153194206095E1,P,300,10,1,48,1,,0,1,1,42000,1,4320,24,1,10005051102-935-1192,,452187800
H,1,215778,300,3,10,77000,2,10005051102-935,10005051102,-7.50825993377187E1,3.87153194206095E1,P,300,10,2,54,1,,1,1,1,35000,1,5420,54,1,10005051102-935-1193,,816365845
H,1,740926,300,3,10,76500,2,10005051102-936,10005051102,-7.50830845508316E1,3.87156146075785E1,P,300,10,2,51,1,,0,1,6,500,1,,39,1,10005051102-936-1194,,
H,1,740926,300,3,10,76500,2,10005051102-936,10005051102,-7.50830845508316E1,3.87156146075785E1,P,300,10,1,51,1,,1,1,1,76000,1,6230,39,1,10005051102-936-1195,,545158602
H,1,799599,300,3,10,70300,2,10005051102-937,10005051102,-7.50826638499635E1,3.8715434837163E1,P,102,10,1,47,1,,0,1,1,35400,1,1060,51,1,10005051102-937-1196,,493540587
H,1,799599,300,3,10,70300,2,10005051102-937,10005051102,-7.50826638499635E1,3.8715434837163E1,P,102,10,2,55,1,,1,1,1,34900,1,5160,13,1,10005051102-937-1197,,611230004
H,1,1217054,300,3,10,50000,2,10005051102-938,10005051102,-7.50836423338264E1,3.87150143668037E1,P,102,10,1,54,1,,0,1,1,50000,1,7220,42,1,10005051102-938-1198,,966213027
H,1,1217054,300,3,10,50000,2,10005051102-938,10005051102,-7.50836423338264E1,3.87150143668037E1,P,102,10,2,54,1,,1,1,3,0,1,5240,10,1,10005051102-938-1199,,
H,1,985029,300,3,10,91000,2,10005051102-939,10005051102,-7.50839514064727E1,3.8715285986817E1,P,300,10,2,49,1,,0,1,1,46000,1,5700,42,1,10005051102-939-1200,,816368500
H,1,985029,300,3,10,91000,2,10005051102-939,10005051102,-7.50839514064727E1,3.8715285986817E1,P,300,10,1,58,1,,1,1,1,45000,1,7200,10,1,10005051102-939-1201,,571958073
H,1,1337451,300,3,10,80400,2,10005051102-940,10005051102,-7.50833814935143E1,3.87152943719193E1,P,300,10,1,53,1,,0,1,1,54000,1,3255,42,1,10005051102-940-1202,,816365647
H,1,1337451,300,3,10,80400,2,10005051102-940,10005051102,-7.50833814935143E1,3.87152943719193E1,P,300,10,2,79,1,,6,1,1,26400,1,4720,42,1,10005051102-940-1203,,597617893
H,1,70390,300,3,10,79000,2,10005051102-941,10005051102,-7.5081972345638E1,3.87153092831816E1,P,102,10,2,48,1,,0,1,1,29000,1,3649,42,1,10005051102-941-1204,,493537880
H,1,70390,300,3,10,79000,2,10005051102-941,10005051102,-7.5081972345638E1,3.87153092831816E1,P,102,10,1,56,1,,13,1,1,50000,1,4400,12,1,10005051102-941-1205,,545158602
H,1,568925,300,3,10,58000,2,10005051102-942,10005051102,-7.50818662705042E1,3.8715583522483E1,P,200,10,2,48,1,,0,1,1,46000,1,5700,53,1,10005051102-942-1206,,611225640
H,1,568925,300,3,10,58000,2,10005051102-942,10005051102,-7.50818662705042E1,3.8715583522483E1,P,200,10,2,71,1,,6,1,6,12000,1,,10,1,10005051102-942-1207,,
H,1,328086,300,3,10,59500,2,10005051102-943,10005051102,-7.50817632693676E1,3.87156724587491E1,P,104,10,1,50,1,,0,1,6,52000,1,9830,18,1,10005051102-943-1208,,
H,1,328086,300,3,10,59500,2,10005051102-943,10005051102,-7.50817632693676E1,3.87156724587491E1,P,104,10,1,59,1,,5,1,1,7500,2,2320,110,1,10005051102-943-1209,,400853321
H,1,1217054,300,3,10,50000,2,10005051102-944,10005051102,-7.50817770289585E1,3.87149955138201E1,P,102,10,1,54,1,,0,1,1,50000,1,7220,42,1,10005051102-944-1210,,380093583
H,1,1217054,300,3,10,50000,2,10005051102-944,10005051102,-7.50817770289585E1,3.87149955138201E1,P,102,10,2,54,1,,1,1,3,0,1,5240,10,1,10005051102-944-1211,,
H,1,1096538,300,3,10,96000,2,10005051102-945,10005051102,-7.50814715272805E1,3.8715413842438E1,P,104,10,2,54,1,,0,1,1,36000,1,3645,10,1,10005051102-945-1212,,423019736
H,1,1096538,300,3,10,96000,2,10005051102-945,10005051102,-7.50814715272805E1,3.8715413842438E1,P,104,10,1,57,1,,1,1,1,60000,1,9130,10,1,10005051102-945-1213,,678144080
H,1,684064,300,3,10,86000,2,10005051102-946,10005051102,-7.50807714323175E1,3.87152331794801E1,P,101,10,2,48,1,,0,1,1,85000,1,20,42,1,10005051102-946-1214,,400839957
H,1,684064,300,3,10,86000,2,10005051102-946,10005051102,-7.50807714323175E1,3.87152331794801E1,P,101,10,2,17,2,13,2,11,1,1000,1,5400,6,1,10005051102-946-1215,100068000090,816368500
H,1,740926,300,3,10,76500,2,10005051102-947,10005051102,-7.50797406545937E1,3.8715511646476E1,P,300,10,2,51,1,,0,1,6,500,1,,39,1,10005051102-947-1216,,
H,1,740926,300,3,10,76500,2,10005051102-947,10005051102,-7.50797406545937E1,3.8715511646476E1,P,300,10,1,51,1,,1,1,1,76000,1,6230,39,1,10005051102-947-1217,,1704683
H,1,712756,300,3,10,56000,2,10005051102-948,10005051102,-7.50796774900508E1,3.87152719621915E1,P,300,10,2,54,1,,0,1,1,8000,1,7630,42,1,10005051102-948-1218,,380084939
H,1,712756,300,3,10,56000,2,10005051102-948,10005051102,-7.50796774900508E1,3.87152719621915E1,P,300,10,1,58,1,,1,1,6,48000,1,4710,42,1,10005051102-948-1219,,
H,1,70390,300,3,10,79000,2,10005051102-949,10005051102,-7.5081433628216E1,3.87151635836894E1,P,102,10,2,48,1,,0,1,1,29000,1,3649,42,1,10005051102-949-1220,,9145244
H,1,70390,300,3,10,79000,2,10005051102-949,10005051102,-7.5081433628216E1,3.87151635836894E1,P,102,10,1,56,1,,13,1,1,50000,1,4400,12,1,10005051102-949-1221,,597617893
H,1,799599,300,3,10,70300,2,10005051102-950,10005051102,-7.5080773108069E1,3.8715320930034E1,P,102,10,1,47,1,,0,1,1,35400,1,1060,51,1,10005051102-950-1222,,263575987
H,1,799599,300,3,10,70300,2,10005051102-950,10005051102,-7.5080773108069E1,3.8715320930034E1,P,102,10,2,55,1,,1,1,1,34900,1,5160,13,1,10005051102-950-1223,,515040897
H,1,1201560,300,3,10,64000,2,10005051102-951,10005051102,-7.50801805834672E1,3.8715808309846E1,P,300,10,2,54,1,,0,1,1,42000,1,410,34,1,10005051102-951-1224,,423032895
H,1,1201560,300,3,10,64000,2,10005051102-951,10005051102,-7.50801805834672E1,3.8715808309846E1,P,300,10,2,67,1,,12,1,6,22000,1,,34,1,10005051102-951-1225,,
H,1,1210751,300,3,10,91100,2,10005051102-952,10005051102,-7.50808285950991E1,3.87152687126964E1,P,300,10,1,46,1,,0,1,1,51050,1,4850,24,1,10005051102-952-1226,,541558888
H,1,1210751,300,3,10,91100,2,10005051102-952,10005051102,-7.50808285950991E1,3.87152687126964E1,P,300,10,2,42,1,,1,1,1,40050,1,910,24,1,10005051102-952-1227,,307843334
H,1,568925,300,3,10,58000,2,10005051102-953,10005051102,-7.5079136799883E1,3.8715313341726E1,P,200,10,2,48,1,,0,1,1,46000,1,5700,53,1,10005051102-953-1228,,816323208
H,1,568925,300,3,10,58000,2,10005051102-953,10005051102,-7.5079136799883E1,3.8715313341726E1,P,200,10,2,71,1,,6,1,6,12000,1,,10,1,10005051102-953-1229,,
H,1,954822,300,3,10,83300,2,10005051102-954,10005051102,-7.50797628910657E1,3.87155611183544E1,P,104,10,2,53,1,,0,1,6,36000,1,5700,24,1,10005051102-954-1230,,
H,1,954822,300,3,10,83300,2,10005051102-954,10005051102,-7.50797628910657E1,3.87155611183544E1,P,104,10,1,64,1,,1,1,6,47300,1,430,24,1,10005051102-954-1231,,
H,1,256663,300,3,10,66000,2,10005051102-955,10005051102,-7.5079426228857E1,3.87155931126407E1,P,300,10,2,55,1,,0,1,1,44000,1,430,10,1,10005051102-955-1232,,396499089
H,1,256663,300,3,10,66000,2,10005051102-955,10005051102,-7.5079426228857E1,3.87155931126407E1,P,300,10,1,61,1,,1,1,6,22000,1,7750,10,1,10005051102-955-1233,,
H,1,1002090,300,3,10,53700,2,10005051102-956,10005051102,-7.50796900937074E1,3.871543191552E1,P,200,10,1,56,1,,0,1,1,43700,1,3500,10,1,10005051102-956-1234,,597617893
H,1,1002090,300,3,10,53700,2,10005051102-956,10005051102,-7.50796900937074E1,3.871543191552E1,P,200,10,1,28,1,,2,1,1,10000,1,6260,10,1,10005051102-956-1235,,652456922
H,1,628959,300,3,10,59300,2,10005051102-957,10005051102,-7.5081839097725E1,3.87151631377488E1,P,300,10,2,58,1,,0,1,6,15300,1,,10,1,10005051102-957-1236,,
H,1,628959,300,3,10,59300,2,10005051102-957,10005051102,-7.5081839097725E1,3.87151631377488E1,P,300,10,1,74,1,,1,1,6,44000,1,,34,1,10005051102-957-1237,,
H,1,202384,300,3,10,94000,2,10005051102-958,10005051102,-7.50794626744664E1,3.87151460489122E1,P,104,10,2,58,1,,0,1,1,64000,1,2825,10,1,10005051102-958-1238,,678075086
H,1,202384,300,3,10,94000,2,10005051102-958,10005051102,-7.50794626744664E1,3.87151460489122E1,P,104,10,1,55,1,,1,1,2,30000,1,220,10,1,10005051102-958-1239,,571955103
H,1,1002090,300,3,10,53700,2,10005051102-959,10005051102,-7.50813882583075E1,3.87155332279616E1,P,200,10,1,56,1,,0,1,1,43700,1,3500,10,1,10005051102-959-1240,,121608095
H,1,1002090,300,3,10,53700,2,10005051102-959,10005051102,-7.50813882583075E1,3.87155332279616E1,P,200,10,1,28,1,,2,1,1,10000,1,6260,10,1,10005051102-959-1241,,541552519
H,1,1194125,300,3,10,86300,2,10005051102-960,10005051102,-7.50817316703574E1,3.87152698181956E1,P,200,10,2,59,1,,0,1,6,8300,1,20,42,1,10005051102-960-1242,,
H,1,1194125,300,3,10,86300,2,10005051102-960,10005051102,-7.50817316703574E1,3.87152698181956E1,P,200,10,1,63,1,,1,1,1,78000,1,9620,42,1,10005051102-960-1243,,933685547
H,1,1120397,300,3,10,53700,2,10005051102-961,10005051102,-7.5078942613199E1,3.87152839354612E1,P,104,10,1,59,1,,0,1,1,41300,1,7315,42,1,10005051102-961-1244,,374755510
H,1,1120397,300,3,10,53700,2,10005051102-961,10005051102,-7.5078942613199E1,3.87152839354612E1,P,104,10,2,55,1,,1,1,6,12400,1,,10,1,10005051102-961-1245,,
H,1,1234057,300,3,10,78000,2,10005051102-962,10005051102,-7.50764390295964E1,3.87158346446284E1,P,300,10,1,58,1,,0,1,1,16000,1,9130,10,1,10005051102-962-1246,,223575135
H,1,1234057,300,3,10,78000,2,10005051102-962,10005051102,-7.50764390295964E1,3.87158346446284E1,P,300,10,2,57,1,,1,1,1,62000,1,5110,10,1,10005051102-962-1247,,566537718
H,1,128673,300,3,10,94900,2,10005051102-963,10005051102,-7.50766777220707E1,3.8715353882709E1,P,300,10,2,59,1,,0,1,1,42900,1,4830,24,1,10005051102-963-1248,,252598024
H,1,128673,300,3,10,94900,2,10005051102-963,10005051102,-7.50766777220707E1,3.8715353882709E1,P,300,10,1,56,1,,13,1,1,52000,1,7340,10,1,10005051102-963-1249,,678075086
H,1,1120397,300,3,10,53700,2,10005051102-964,10005051102,-7.50765354642028E1,3.87154397457963E1,P,104,10,1,59,1,,0,1,1,41300,1,7315,42,1,10005051102-964-1250,,452187800
H,1,1120397,300,3,10,53700,2,10005051102-964,10005051102,-7.50765354642028E1,3.87154397457963E1,P,104,10,2,55,1,,1,1,6,12400,1,,10,1,10005051102-964-1251,,
H,1,902232,300,3,10,70600,2,10005051102-965,10005051102,-7.50772154220972E1,3.87153354573216E1,P,300,10,1,59,2,15,0,1,6,6600,1,5240,11,1,10005051102-965-1252,,
H,1,902232,300,3,10,70600,2,10005051102-965,10005051102,-7.50772154220972E1,3.87153354573216E1,P,300,10,1,57,1,,13,1,6,64000,1,50,24,1,10005051102-965-1253,,
H,1,1204458,300,3,10,57000,2,10005051102-966,10005051102,-7.50769713819124E1,3.8715947725678E1,P,102,10,1,57,1,,0,1,1,29700,1,4850,10,1,10005051102-966-1254,,715926051
H,1,1204458,300,3,10,57000,2,10005051102-966,10005051102,-7.50769713819124E1,3.8715947725678E1,P,102,10,2,58,1,,1,1,1,27300,1,430,10,1,10005051102-966-1255,,493540306
H,1,630528,300,3,10,65000,2,10005051102-967,10005051102,-7.5077976664571E1,3.87154440367346E1,P,300,10,1,56,1,,0,1,6,65000,1,,6,1,10005051102-967-1256,,
H,1,630528,300,3,10,65000,2,10005051102-967,10005051102,-7.5077976664571E1,3.87154440367346E1,P,300,10,1,19,2,15,2,1,6,0,1,,40,1,10005051102-967-1257,,
H,1,902232,300,3,10,70600,2,10005051102-968,10005051102,-7.5076348235638E1,3.87157770033358E1,P,300,10,1,59,2,15,0,1,6,6600,1,5240,11,1,10005051102-968-1258,,
H,1,902232,300,3,10,70600,2,10005051102-968,10005051102,-7.5076348235638E1,3.87157770033358E1,P,300,10,1,57,1,,13,1,6,64000,1,50,24,1,10005051102-968-1259,,
H,1,611580,300,3,10,57000,2,10005051102-969,10005051102,-7.50772199201364E1,3.87155099555745E1,P,300,10,2,55,1,,0,1,1,22000,1,4760,42,1,10005051102-969-1260,,380085100
H,1,611580,300,3,10,57000,2,10005051102-969,10005051102,-7.50772199201364E1,3.87155099555745E1,P,300,10,1,55,1,,1,1,6,35000,1,,42,1,10005051102-969-1261,,
H,1,2034,300,3,10,81200,2,10005051102-970,10005051102,-7.50780222308845E1,3.87158327177572E1,P,300,10,1,56,1,,0,1,6,1200,1,4850,26,1,10005051102-970-1262,,
H,1,2034,300,3,10,81200,2,10005051102-970,10005051102,-7.50780222308845E1,3.87158327177572E1,P,300,10,2,56,1,,1,1,1,80000,1,230,10,1,10005051102-970-1263,,423036813
H,1,1306174,300,3,10,52400,2,10005051102-971,10005051102,-7.50776101288913E1,3.87157321972213E1,P,300,10,1,57,2,16,0,1,1,22000,2,4760,316,1,10005051102-971-1264,,678075086
H,1,1306174,300,3,10,52400,2,10005051102-971,10005051102,-7.50776101288913E1,3.87157321972213E1,P,300,10,2,56,2,16,1,1,6,30400,2,2720,316,1,10005051102-971-1265,,
H,1,1306174,300,3,10,52400,2,10005051102-972,10005051102,-7.50784441361843E1,3.87157535847106E1,P,300,10,1,57,2,16,0,1,1,22000,2,4760,316,1,10005051102-972-1266,,545158602
H,1,1306174,300,3,10,52400,2,10005051102-972,10005051102,-7.50784441361843E1,3.87157535847106E1,P,300,10,2,56,2,16,1,1,6,30400,2,2720,316,1,10005051102-972-1267,,
H,1,1204458,300,3,10,57000,2,10005051102-973,10005051102,-7.50783284856242E1,3.8715512048658E1,P,102,10,1,57,1,,0,1,1,29700,1,4850,10,1,10005051102-973-1268,,423034321
H,1,1204458,300,3,10,57000,2,10005051102-973,10005051102,-7.50783284856242E1,3.8715512048658E1,P,102,10,2,58,1,,1,1,1,27300,1,430,10,1,10005051102-973-1269,,846204
H,1,1120397,300,3,10,53700,2,10005051102-974,10005051102,-7.5077983390285E1,3.87152794853756E1,P,104,10,1,59,1,,0,1,1,41300,1,7315,42,1,10005051102-974-1270,,678075086
H,1,1120397,300,3,10,53700,2,10005051102-974,10005051102,-7.5077983390285E1,3.87152794853756E1,P,104,10,2,55,1,,1,1,6,12400,1,,10,1,10005051102-974-1271,,
H,1,524469,300,3,10,86000,2,10005051102-975,10005051102,-7.50776242834238E1,3.87157486062814E1,P,103,10,1,57,1,,0,1,1,34000,1,4460,36,1,10005051102-975-1272,,1704683
H,1,524469,300,3,10,86000,2,10005051102-975,10005051102,-7.50776242834238E1,3.87157486062814E1,P,103,10,2,51,1,,1,1,1,52000,1,5700,10,1,10005051102-975-1273,,223598632
H,1,1306174,300,3,10,52400,2,10005051102-976,10005051102,-7.50777978345358E1,3.87156107297424E1,P,300,10,1,57,2,16,0,1,1,22000,2,4760,316,1,10005051102-976-1274,,816368500
H,1,1306174,300,3,10,52400,2,10005051102-976,10005051102,-7.50777978345358E1,3.87156107297424E1,P,300,10,2,56,2,16,1,1,6,30400,2,2720,316,1,10005051102-976-1275,,
H,1,191624,300,3,10,70880,2,10005051102-977,10005051102,-7.50827657378011E1,3.87153978322388E1,P,300,10,1,56,1,,0,1,1,60000,1,7340,24,1,10005051102-977-1276,,678144080
H,1,191624,300,3,10,70880,2,10005051102-977,10005051102,-7.50827657378011E1,3.87153978322388E1,P,300,10,2,54,1,,13,1,6,10880,1,,42,1,10005051102-977-1277,,
H,1,191624,300,3,10,70880,2,10005051102-978,10005051102,-7.50824223211971E1,3.87154821721455E1,P,300,10,1,56,1,,0,1,1,60000,1,7340,24,1,10005051102-978-1278,,571813815
H,1,191624,300,3,10,70880,2,10005051102-978,10005051102,-7.50824223211971E1,3.87154821721455E1,P,300,10,2,54,1,,13,1,6,10880,1,,42,1,10005051102-978-1279,,
H,1,397036,300,3,10,75000,2,10005051102-979,10005051102,-7.50824288950235E1,3.87151465144968E1,P,103,10,2,57,1,,0,1,1,50000,1,2720,36,1,10005051102-979-1280,,121577035
H,1,397036,300,3,10,75000,2,10005051102-979,10005051102,-7.50824288950235E1,3.87151465144968E1,P,103,10,2,35,1,,12,1,1,25000,1,2720,6,1,10005051102-979-1281,,121599914
H,1,126638,300,3,10,92500,2,10005051102-980,10005051102,-7.5081638561326E1,3.8715438077482E1,P,200,10,1,59,1,,0,1,1,60000,1,1920,42,1,10005051102-980-1282,,208310847
H,1,126638,300,3,10,92500,2,10005051102-980,10005051102,-7.5081638561326E1,3.8715438077482E1,P,200,10,2,60,1,,1,1,1,32500,1,5700,10,1,10005051102-980-1283,,423044072
H,1,12196,300,3,10,76900,2,10005051102-981,10005051102,-7.50821290081271E1,3.8715950524382E1,P,200,10,1,59,1,,0,1,1,55000,1,2320,42,1,10005051102-981-1284,,933686024
H,1,12196,300,3,10,76900,2,10005051102-981,10005051102,-7.50821290081271E1,3.8715950524382E1,P,200,10,2,67,1,,1,1,1,21900,1,420,42,1,10005051102-981-1285,,534468178
H,1,202384,300,3,10,94000,2,10005051102-982,10005051102,-7.50821764259421E1,3.87160099335102E1,P,104,10,2,58,1,,0,1,1,64000,1,2825,10,1,10005051102-982-1286,,611231606
H,1,202384,300,3,10,94000,2,10005051102-982,10005051102,-7.50821764259421E1,3.87160099335102E1,P,104,10,1,55,1,,1,1,2,30000,1,220,10,1,10005051102-982-1287,,518051784
H,1,628959,300,3,10,59300,2,10005051102-983,10005051102,-7.50817387130492E1,3.87160566659806E1,P,300,10,2,58,1,,0,1,6,15300,1,,10,1,10005051102-983-1288,,
H,1,628959,300,3,10,59300,2,10005051102-983,10005051102,-7.50817387130492E1,3.87160566659806E1,P,300,10,1,74,1,,1,1,6,44000,1,,34,1,10005051102-983-1289,,
H,1,1306174,300,3,10,52400,2,10005051102-984,10005051102,-7.50815951630262E1,3.87160994095734E1,P,300,10,1,57,2,16,0,1,1,22000,2,4760,316,1,10005051102-984-1290,,306054693
H,1,1306174,300,3,10,52400,2,10005051102-984,10005051102,-7.50815951630262E1,3.87160994095734E1,P,300,10,2,56,2,16,1,1,6,30400,2,2720,316,1,10005051102-984-1291,,
H,1,641179,300,3,10,64000,2,10005051102-985,10005051102,-7.5075965857506E1,3.87163618335268E1,P,300,10,2,57,1,,0,1,1,63000,1,4700,10,1,10005051102-985-1292,,4578258
H,1,641179,300,3,10,64000,2,10005051102-985,10005051102,-7.5075965857506E1,3.87163618335268E1,P,300,10,1,56,1,,15,1,6,1000,1,10,17,1,10005051102-985-1293,,
H,1,1468792,300,3,10,85800,2,10005051102-986,10005051102,-7.50759514484446E1,3.87162116340131E1,P,300,10,2,56,1,,0,1,1,80000,1,4010,42,1,10005051102-986-1294,,493540587
H,1,1468792,300,3,10,85800,2,10005051102-986,10005051102,-7.50759514484446E1,3.87162116340131E1,P,300,10,1,26,1,,2,1,1,5800,1,4250,42,1,10005051102-986-1295,,1704683
H,1,252293,300,3,10,53600,2,10005051102-987,10005051102,-7.5076246686298E1,3.8716099862942E1,P,200,10,1,57,1,,0,1,1,35600,1,1460,10,1,10005051102-987-1296,,455364703
H,1,252293,300,3,10,53600,2,10005051102-987,10005051102,-7.5076246686298E1,3.8716099862942E1,P,200,10,2,58,1,,1,1,1,18000,1,5240,51,1,10005051102-987-1297,,1704683
H,1,1194125,300,3,10,86300,2,10005051102-988,10005051102,-7.50761269262056E1,3.8716762079368E1,P,200,10,2,59,1,,0,1,6,8300,1,20,42,1,10005051102-988-1298,,
H,1,1194125,300,3,10,86300,2,10005051102-988,10005051102,-7.50761269262056E1,3.8716762079368E1,P,200,10,1,63,1,,1,1,1,78000,1,9620,42,1,10005051102-988-1299,,678071879
H,1,208810,300,3,10,83000,2,10005051102-989,10005051102,-7.50760015291784E1,3.87165134531613E1,P,103,10,1,56,1,,0,1,1,53000,1,1010,22,1,10005051102-989-1300,,715927315
H,1,208810,300,3,10,83000,2,10005051102-989,10005051102,-7.50760015291784E1,3.87165134531613E1,P,103,10,1,76,1,,12,1,1,30000,1,160,34,1,10005051102-989-1301,,611228198
H,1,1468792,300,3,10,85800,2,10005051102-990,10005051102,-7.50763900978254E1,3.87165328886677E1,P,300,10,2,56,1,,0,1,1,80000,1,4010,42,1,10005051102-990-1302,,423044072
H,1,1468792,300,3,10,85800,2,10005051102-990,10005051102,-7.50763900978254E1,3.87165328886677E1,P,300,10,1,26,1,,2,1,1,5800,1,4250,42,1,10005051102-990-1303,,121598320
H,1,1306174,300,3,10,52400,2,10005051102-991,10005051102,-7.50758759161178E1,3.87153914205477E1,P,300,10,1,57,2,16,0,1,1,22000,2,4760,316,1,10005051102-991-1304,,816374284
H,1,1306174,300,3,10,52400,2,10005051102-991,10005051102,-7.50758759161178E1,3.87153914205477E1,P,300,10,2,56,2,16,1,1,6,30400,2,2720,316,1,10005051102-991-1305,,
H,1,1234057,300,3,10,78000,2,10005051102-992,10005051102,-7.5076376819427E1,3.87149427072255E1,P,300,10,1,58,1,,0,1,1,16000,1,9130,10,1,10005051102-992-1306,,493533996
H,1,1234057,300,3,10,78000,2,10005051102-992,10005051102,-7.5076376819427E1,3.87149427072255E1,P,300,10,2,57,1,,1,1,1,62000,1,5110,10,1,10005051102-992-1307,,455364729
H,1,1459856,300,3,10,82100,2,10005051102-993,10005051102,-7.50759946946243E1,3.87157814508872E1,P,102,10,1,58,1,,0,1,1,46050,1,7340,10,1,10005051102-993-1308,,987661667
H,1,1459856,300,3,10,82100,2,10005051102-993,10005051102,-7.50759946946243E1,3.87157814508872E1,P,102,10,2,65,1,,1,1,1,36050,1,5820,10,1,10005051102-993-1309,,816172456
H,1,524469,300,3,10,86000,2,10005051102-994,10005051102,-7.50759878358336E1,3.87148738835223E1,P,103,10,1,57,1,,0,1,1,34000,1,4460,36,1,10005051102-994-1310,,374755510
H,1,524469,300,3,10,86000,2,10005051102-994,10005051102,-7.50759878358336E1,3.87148738835223E1,P,103,10,2,51,1,,1,1,1,52000,1,5700,10,1,10005051102-994-1311,,1754217
H,1,1306174,300,3,10,52400,2,10005051102-995,10005051102,-7.50766458258901E1,3.87156440509166E1,P,300,10,1,57,2,16,0,1,1,22000,2,4760,316,1,10005051102-995-1312,,249930819
H,1,1306174,300,3,10,52400,2,10005051102-995,10005051102,-7.50766458258901E1,3.87156440509166E1,P,300,10,2,56,2,16,1,1,6,30400,2,2720,316,1,10005051102-995-1313,,
H,1,1173187,300,3,10,52200,2,10005051102-996,10005051102,-7.50787630917674E1,3.87153371695973E1,P,104,10,1,56,1,,0,1,1,35800,1,7020,42,1,10005051102-996-1314,,909462822
H,1,1173187,300,3,10,52200,2,10005051102-996,10005051102,-7.50787630917674E1,3.87153371695973E1,P,104,10,2,63,1,,1,1,6,16400,1,,34,1,10005051102-996-1315,,
H,1,1459856,300,3,10,82100,2,10005051102-997,10005051102,-7.50781948465351E1,3.87156267008051E1,P,102,10,1,58,1,,0,1,1,46050,1,7340,10,1,10005051102-997-1316,,455353581
H,1,1459856,300,3,10,82100,2,10005051102-997,10005051102,-7.50781948465351E1,3.87156267008051E1,P,102,10,2,65,1,,1,1,1,36050,1,5820,10,1,10005051102-997-1317,,472706829
H,1,1018469,300,3,10,90000,2,10005051102-998,10005051102,-7.50786967149188E1,3.871627212287E1,P,300,10,1,59,1,,0,1,1,40000,1,1450,39,1,10005051102-998-1318,,121611990
H,1,1018469,300,3,10,90000,2,10005051102-998,10005051102,-7.50786967149188E1,3.871627212287E1,P,300,10,2,57,1,,1,1,1,50000,1,3255,39,1,10005051102-998-1319,,932431133
H,1,259644,300,3,10,53000,2,10005051102-999,10005051102,-7.50787580973675E1,3.87158759275566E1,P,103,10,1,58,1,,0,1,6,15000,1,,10,1,10005051102-999-1320,,
H,1,259644,300,3,10,53000,2,10005051102-999,10005051102,-7.50787580973675E1,3.87158759275566E1,P,103,10,2,57,1,,1,1,1,38000,1,3255,10,1,10005051102-999-1321,,9145244
H,1,1002090,300,3,10,53700,2,10005051102-1000,10005051102,-7.50816976371896E1,3.871426900316E1,P,200,10,1,56,1,,0,1,1,43700,1,3500,10,1,10005051102-1000-1322,,541550893
H,1,1002090,300,3,10,53700,2,10005051102-1000,10005051102,-7.50816976371896E1,3.871426900316E1,P,200,10,1,28,1,,2,1,1,10000,1,6260,10,1,10005051102-1000-1323,,400837514
H,1,126638,300,3,10,92500,2,10005051102-1001,10005051102,-7.50817795329168E1,3.87140857124683E1,P,200,10,1,59,1,,0,1,1,60000,1,1920,42,1,10005051102-1001-1324,,121612154
H,1,126638,300,3,10,92500,2,10005051102-1001,10005051102,-7.50817795329168E1,3.87140857124683E1,P,200,10,2,60,1,,1,1,1,32500,1,5700,10,1,10005051102-1001-1325,,966223950
H,1,30166,300,3,10,81000,2,10005051102-1002,10005051102,-7.5081487740796E1,3.87143092475263E1,P,102,10,2,59,1,,0,1,1,61000,1,5400,25,1,10005051102-1002-1326,,423032523
H,1,30166,300,3,10,81000,2,10005051102-1002,10005051102,-7.5081487740796E1,3.87143092475263E1,P,102,10,1,62,1,,1,1,6,20000,1,7010,25,1,10005051102-1002-1327,,
H,1,1002090,300,3,10,53700,2,10005051102-1003,10005051102,-7.50819390391613E1,3.87142580767146E1,P,200,10,1,56,1,,0,1,1,43700,1,3500,10,1,10005051102-1003-1328,,816323208
H,1,1002090,300,3,10,53700,2,10005051102-1003,10005051102,-7.50819390391613E1,3.87142580767146E1,P,200,10,1,28,1,,2,1,1,10000,1,6260,10,1,10005051102-1003-1329,,816365845
H,1,1002090,300,3,10,53700,2,10005051102-1004,10005051102,-7.50818125260861E1,3.87147440581057E1,P,200,10,1,56,1,,0,1,1,43700,1,3500,10,1,10005051102-1004-1330,,374755510
H,1,1002090,300,3,10,53700,2,10005051102-1004,10005051102,-7.50818125260861E1,3.87147440581057E1,P,200,10,1,28,1,,2,1,1,10000,1,6260,10,1,10005051102-1004-1331,,541554275
H,1,1459856,300,3,10,82100,2,10005051102-1005,10005051102,-7.50815634751611E1,3.87135014702468E1,P,102,10,1,58,1,,0,1,1,46050,1,7340,10,1,10005051102-1005-1332,,816368500
H,1,1459856,300,3,10,82100,2,10005051102-1005,10005051102,-7.50815634751611E1,3.87135014702468E1,P,102,10,2,65,1,,1,1,1,36050,1,5820,10,1,10005051102-1005-1333,,597617893
H,1,628959,300,3,10,59300,2,10005051102-1006,10005051102,-7.50814335731796E1,3.8713140041616E1,P,300,10,2,58,1,,0,1,6,15300,1,,10,1,10005051102-1006-1334,,
H,1,628959,300,3,10,59300,2,10005051102-1006,10005051102,-7.50814335731796E1,3.8713140041616E1,P,300,10,1,74,1,,1,1,6,44000,1,,34,1,10005051102-1006-1335,,
H,1,1038366,300,3,10,75000,2,10005051102-1007,10005051102,-7.50821422549472E1,3.8713108844298E1,P,103,10,2,55,1,,0,1,1,45000,1,8965,42,1,10005051102-1007-1336,,455354498
H,1,1038366,300,3,10,75000,2,10005051102-1007,10005051102,-7.50821422549472E1,3.8713108844298E1,P,103,10,1,36,1,,4,1,1,30000,1,6260,10,1,10005051102-1007-1337,,541552584
H,1,1204458,300,3,10,57000,2,10005051102-1008,10005051102,-7.50815939954062E1,3.87133551618522E1,P,102,10,1,57,1,,0,1,1,29700,1,4850,10,1,10005051102-1008-1338,,306054693
H,1,1204458,300,3,10,57000,2,10005051102-1008,10005051102,-7.50815939954062E1,3.87133551618522E1,P,102,10,2,58,1,,1,1,1,27300,1,430,10,1,10005051102-1008-1339,,121584403
H,1,229862,300,3,10,68550,2,10005051102-1009,10005051102,-7.5081746496634E1,3.87136568609216E1,P,300,10,1,56,1,,0,1,6,550,1,6330,24,1,10005051102-1009-1340,,
H,1,229862,300,3,10,68550,2,10005051102-1009,10005051102,-7.5081746496634E1,3.87136568609216E1,P,300,10,2,53,1,,1,1,1,68000,1,800,42,1,10005051102-1009-1341,,816223564
H,1,1234057,300,3,10,78000,2,10005051102-1010,10005051102,-7.50926445029027E1,3.87100234384574E1,P,300,10,1,58,1,,0,1,1,16000,1,9130,10,1,10005051102-1010-1342,,611232653
H,1,1234057,300,3,10,78000,2,10005051102-1010,10005051102,-7.50926445029027E1,3.87100234384574E1,P,300,10,2,57,1,,1,1,1,62000,1,5110,10,1,10005051102-1010-1343,,455353722
H,1,140418,300,3,10,69000,2,10005051102-1011,10005051102,-7.50923961740216E1,3.87098613369815E1,P,200,10,1,56,1,,0,1,1,15000,1,6230,10,1,10005051102-1011-1344,,472710250
H,1,140418,300,3,10,69000,2,10005051102-1011,10005051102,-7.50923961740216E1,3.87098613369815E1,P,200,10,2,56,1,,1,1,1,54000,1,6420,54,1,10005051102-1011-1345,,816199558
H,1,1459856,300,3,10,82100,2,10005051102-1012,10005051102,-7.50921980276945E1,3.87103573217243E1,P,102,10,1,58,1,,0,1,1,46050,1,7340,10,1,10005051102-1012-1346,,493542799
H,1,1459856,300,3,10,82100,2,10005051102-1012,10005051102,-7.50921980276945E1,3.87103573217243E1,P,102,10,2,65,1,,1,1,1,36050,1,5820,10,1,10005051102-1012-1347,,816368500
H,1,479730,300,3,10,79000,2,10005051102-1013,10005051102,-7.50921482842736E1,3.87100173248977E1,P,104,10,1,56,1,,0,1,1,60000,1,9130,36,1,10005051102-1013-1348,,816262810
H,1,479730,300,3,10,79000,2,10005051102-1013,10005051102,-7.50921482842736E1,3.87100173248977E1,P,104,10,2,57,1,,1,1,1,19000,1,4720,42,1,10005051102-1013-1349,,423036813
H,1,712350,300,3,10,60400,2,10005051102-1014,10005051102,-7.50920832159786E1,3.87104509590985E1,P,102,10,2,58,1,,0,1,1,60000,1,2630,48,1,10005051102-1014-1350,,816368500
H,1,712350,300,3,10,60400,2,10005051102-1014,10005051102,-7.50920832159786E1,3.87104509590985E1,P,102,10,1,24,1,,2,1,3,400,1,9620,10,1,10005051102-1014-1351,,
H,1,524469,300,3,10,86000,2,10005051102-1015,10005051102,-7.50920716177423E1,3.87101786404406E1,P,103,10,1,57,1,,0,1,1,34000,1,4460,36,1,10005051102-1015-1352,,121610729
H,1,524469,300,3,10,86000,2,10005051102-1015,10005051102,-7.50920716177423E1,3.87101786404406E1,P,103,10,2,51,1,,1,1,1,52000,1,5700,10,1,10005051102-1015-1353,,545158602
H,1,628959,300,3,10,59300,2,10005051102-1016,10005051102,-7.5089021593756E1,3.87089549457603E1,P,300,10,2,58,1,,0,1,6,15300,1,,10,1,10005051102-1016-1354,,
H,1,628959,300,3,10,59300,2,10005051102-1016,10005051102,-7.5089021593756E1,3.87089549457603E1,P,300,10,1,74,1,,1,1,6,44000,1,,34,1,10005051102-1016-1355,,
H,1,524469,300,3,10,86000,2,10005051102-1017,10005051102,-7.50878908304116E1,3.87101569150681E1,P,103,10,1,57,1,,0,1,1,34000,1,4460,36,1,10005051102-1017-1356,,1704683
H,1,524469,300,3,10,86000,2,10005051102-1017,10005051102,-7.50878908304116E1,3.87101569150681E1,P,103,10,2,51,1,,1,1,1,52000,1,5700,10,1,10005051102-1017-1357,,541555421
H,1,1194125,300,3,10,86300,2,10005051102-1018,10005051102,-7.50882215175434E1,3.87093711700258E1,P,200,10,2,59,1,,0,1,6,8300,1,20,42,1,10005051102-1018-1358,,
H,1,1194125,300,3,10,86300,2,10005051102-1018,10005051102,-7.50882215175434E1,3.87093711700258E1,P,200,10,1,63,1,,1,1,1,78000,1,9620,42,1,10005051102-1018-1359,,892291147
H,1,641179,300,3,10,64000,2,10005051102-1019,10005051102,-7.5088297066281E1,3.87103826734371E1,P,300,10,2,57,1,,0,1,1,63000,1,4700,10,1,10005051102-1019-1360,,694131418
H,1,641179,300,3,10,64000,2,10005051102-1019,10005051102,-7.5088297066281E1,3.87103826734371E1,P,300,10,1,56,1,,15,1,6,1000,1,10,17,1,10005051102-1019-1361,,
H,1,191624,300,3,10,70880,2,10005051102-1020,10005051102,-7.50885117607926E1,3.87092284427782E1,P,300,10,1,56,1,,0,1,1,60000,1,7340,24,1,10005051102-1020-1362,,1704683
H,1,191624,300,3,10,70880,2,10005051102-1020,10005051102,-7.50885117607926E1,3.87092284427782E1,P,300,10,2,54,1,,13,1,6,10880,1,,42,1,10005051102-1020-1363,,
H,1,524469,300,3,10,86000,2,10005051102-1021,10005051102,-7.5090373090274E1,3.87084140612514E1,P,103,10,1,57,1,,0,1,1,34000,1,4460,36,1,10005051102-1021-1364,,816243513
H,1,524469,300,3,10,86000,2,10005051102-1021,10005051102,-7.5090373090274E1,3.87084140612514E1,P,103,10,2,51,1,,1,1,1,52000,1,5700,10,1,10005051102-1021-1365,,1704683
H,1,641179,300,3,10,64000,2,10005051102-1022,10005051102,-7.50899676724285E1,3.87088268150341E1,P,300,10,2,57,1,,0,1,1,63000,1,4700,10,1,10005051102-1022-1366,,987673431
H,1,641179,300,3,10,64000,2,10005051102-1022,10005051102,-7.50899676724285E1,3.87088268150341E1,P,300,10,1,56,1,,15,1,6,1000,1,10,17,1,10005051102-1022-1367,,
H,1,1234057,300,3,10,78000,2,10005051102-1023,10005051102,-7.50898118000976E1,3.87087678669186E1,P,300,10,1,58,1,,0,1,1,16000,1,9130,10,1,10005051102-1023-1368,,967474073
H,1,1234057,300,3,10,78000,2,10005051102-1023,10005051102,-7.50898118000976E1,3.87087678669186E1,P,300,10,2,57,1,,1,1,1,62000,1,5110,10,1,10005051102-1023-1369,,423044072
H,1,524469,300,3,10,86000,2,10005051102-1024,10005051102,-7.50899762208714E1,3.87089466962537E1,P,103,10,1,57,1,,0,1,1,34000,1,4460,36,1,10005051102-1024-1370,,965716327
H,1,524469,300,3,10,86000,2,10005051102-1024,10005051102,-7.50899762208714E1,3.87089466962537E1,P,103,10,2,51,1,,1,1,1,52000,1,5700,10,1,10005051102-1024-1371,,121610802
H,1,259644,300,3,10,53000,2,10005051102-1025,10005051102,-7.50890701408278E1,3.87090500546111E1,P,103,10,1,58,1,,0,1,6,15000,1,,10,1,10005051102-1025-1372,,
H,1,259644,300,3,10,53000,2,10005051102-1025,10005051102,-7.50890701408278E1,3.87090500546111E1,P,103,10,2,57,1,,1,1,1,38000,1,3255,10,1,10005051102-1025-1373,,455366922
H,1,1468792,300,3,10,85800,2,10005051102-1026,10005051102,-7.50885825323881E1,3.87098870643496E1,P,300,10,2,56,1,,0,1,1,80000,1,4010,42,1,10005051102-1026-1374,,121612154
H,1,1468792,300,3,10,85800,2,10005051102-1026,10005051102,-7.50885825323881E1,3.87098870643496E1,P,300,10,1,26,1,,2,1,1,5800,1,4250,42,1,10005051102-1026-1375,,4578258
H,1,546202,300,3,10,58100,2,10005051102-1027,10005051102,-7.50891567523743E1,3.87091422570275E1,P,300,10,1,63,1,,0,1,6,19700,1,430,24,1,10005051102-1027-1376,,
H,1,546202,300,3,10,58100,2,10005051102-1027,10005051102,-7.50891567523743E1,3.87091422570275E1,P,300,10,2,63,1,,1,1,6,38400,1,,10,1,10005051102-1027-1377,,
H,1,1489314,300,3,10,58000,1,10005051102-1028,10005051102,-7.50900951550991E1,3.87081861399167E1,P,103,10,2,60,1,,0,3,1,58000,1,2100,72,1,10005051102-1028-1378,,493533863
H,1,1214458,300,3,10,62700,2,10005051102-1029,10005051102,-7.50893272567912E1,3.87093405973224E1,P,102,10,2,62,1,,0,1,1,4000,1,4600,42,1,10005051102-1029-1379,,597328285
H,1,1214458,300,3,10,62700,2,10005051102-1029,10005051102,-7.50893272567912E1,3.87093405973224E1,P,102,10,1,64,1,,1,1,1,58700,1,9130,42,1,10005051102-1029-1380,,242491959
H,1,235863,300,3,10,89700,2,10005051102-1030,10005051102,-7.50898432007772E1,3.87087522942153E1,P,102,10,1,63,1,,0,1,6,38050,1,8610,42,1,10005051102-1030-1381,,
H,1,235863,300,3,10,89700,2,10005051102-1030,10005051102,-7.50898432007772E1,3.87087522942153E1,P,102,10,2,56,1,,1,1,1,51650,1,5240,10,1,10005051102-1030-1382,,1704683
H,1,859846,300,3,10,68360,2,10005051102-1031,10005051102,-7.50881128844331E1,3.87099140731111E1,P,200,10,1,64,1,,0,1,6,58160,1,3910,24,1,10005051102-1031-1383,,
H,1,859846,300,3,10,68360,2,10005051102-1031,10005051102,-7.50881128844331E1,3.87099140731111E1,P,200,10,2,62,1,,1,1,1,10200,1,2310,27,1,10005051102-1031-1384,,672580420
H,1,897820,300,3,10,61200,2,10005051102-1032,10005051102,-7.50902437756894E1,3.87088356588996E1,P,200,10,1,62,1,,0,1,1,28800,1,220,10,1,10005051102-1032-1385,,423039353
H,1,897820,300,3,10,61200,2,10005051102-1032,10005051102,-7.50902437756894E1,3.87088356588996E1,P,200,10,2,59,1,,1,1,1,32400,1,5400,10,1,10005051102-1032-1386,,472705912
H,1,554709,300,3,10,52000,2,10005051102-1033,10005051102,-7.50885727204844E1,3.8709792878235E1,P,300,10,1,64,1,,0,1,1,26000,1,4700,10,1,10005051102-1033-1387,,121577969
H,1,554709,300,3,10,52000,2,10005051102-1033,10005051102,-7.50885727204844E1,3.8709792878235E1,P,300,10,2,58,1,,1,1,1,26000,1,4700,12,1,10005051102-1033-1388,,545158602
H,1,1214458,300,3,10,62700,2,10005051102-1034,10005051102,-7.50894375330198E1,3.87085073278062E1,P,102,10,2,62,1,,0,1,1,4000,1,4600,42,1,10005051102-1034-1389,,688957091
H,1,1214458,300,3,10,62700,2,10005051102-1034,10005051102,-7.50894375330198E1,3.87085073278062E1,P,102,10,1,64,1,,1,1,1,58700,1,9130,42,1,10005051102-1034-1390,,472705953
H,1,83531,300,3,10,64000,2,10005051102-1035,10005051102,-7.50877800993618E1,3.87104635700915E1,P,101,10,2,64,1,,0,1,1,25000,1,4760,42,1,10005051102-1035-1391,,816370720
H,1,83531,300,3,10,64000,2,10005051102-1035,10005051102,-7.50877800993618E1,3.87104635700915E1,P,101,10,1,65,1,,15,1,1,39000,1,9130,34,1,10005051102-1035-1392,,423044072
H,1,148828,300,3,10,89290,2,10005051102-1036,10005051102,-7.50878166483148E1,3.87102035370273E1,P,200,10,1,62,1,,0,1,1,47290,1,350,24,1,10005051102-1036-1393,,9145244
H,1,148828,300,3,10,89290,2,10005051102-1036,10005051102,-7.50878166483148E1,3.87102035370273E1,P,200,10,2,60,1,,1,1,1,42000,1,4710,24,1,10005051102-1036-1394,,121586705
H,1,148828,300,3,10,89290,2,10005051102-1037,10005051102,-7.50875436726566E1,3.87100057575521E1,P,200,10,1,62,1,,0,1,1,47290,1,350,24,1,10005051102-1037-1395,,423044072
H,1,148828,300,3,10,89290,2,10005051102-1037,10005051102,-7.50875436726566E1,3.87100057575521E1,P,200,10,2,60,1,,1,1,1,42000,1,4710,24,1,10005051102-1037-1396,,715350609
H,1,485385,300,3,10,85400,2,10005051102-1038,10005051102,-7.50830359000445E1,3.87089840255516E1,P,300,10,1,61,1,,0,1,1,72000,1,2100,39,1,10005051102-1038-1397,,121599138
H,1,485385,300,3,10,85400,2,10005051102-1038,10005051102,-7.50830359000445E1,3.87089840255516E1,P,300,10,2,67,1,,1,1,6,13400,1,,9,1,10005051102-1038-1398,,
H,1,659664,300,3,10,71000,2,10005051102-1039,10005051102,-7.5083331091344E1,3.8709190161355E1,P,300,10,1,60,2,15,0,1,1,37000,1,4640,39,1,10005051102-1039-1399,,493543888
H,1,659664,300,3,10,71000,2,10005051102-1039,10005051102,-7.5083331091344E1,3.8709190161355E1,P,300,10,1,28,1,,2,1,3,34000,1,4220,39,1,10005051102-1039-1400,,
H,1,1111200,300,3,10,80000,2,10005051102-1040,10005051102,-7.5082875723038E1,3.87094563559902E1,P,300,10,2,63,1,,0,1,6,13500,1,2010,36,1,10005051102-1040-1401,,
H,1,1111200,300,3,10,80000,2,10005051102-1040,10005051102,-7.5082875723038E1,3.87094563559902E1,P,300,10,1,65,1,,1,1,6,66500,1,2010,24,1,10005051102-1040-1402,,
H,1,344378,300,3,10,57000,2,10005051102-1041,10005051102,-7.5081640831998E1,3.87092308649132E1,P,300,10,1,64,1,,0,1,3,16000,1,2800,26,1,10005051102-1041-1403,,
H,1,344378,300,3,10,57000,2,10005051102-1041,10005051102,-7.5081640831998E1,3.87092308649132E1,P,300,10,2,35,1,,1,1,1,41000,1,136,25,1,10005051102-1041-1404,,373189489
H,1,824315,300,3,10,65800,2,10005051102-1042,10005051102,-7.50825354656015E1,3.87090428911403E1,P,103,10,2,61,1,,0,1,1,36200,1,530,10,1,10005051102-1042-1405,,9145244
H,1,824315,300,3,10,65800,2,10005051102-1042,10005051102,-7.50825354656015E1,3.87090428911403E1,P,103,10,1,79,1,,1,1,6,29600,1,4850,19,1,10005051102-1042-1406,,
H,1,479428,300,3,10,50800,2,10005051102-1043,10005051102,-7.5083131665623E1,3.87094881154513E1,P,300,10,1,64,1,,0,1,3,49200,1,430,42,1,10005051102-1043-1407,,
H,1,479428,300,3,10,50800,2,10005051102-1043,10005051102,-7.5083131665623E1,3.87094881154513E1,P,300,10,2,62,1,,1,1,6,1600,1,9120,42,1,10005051102-1043-1408,,
H,1,554709,300,3,10,52000,2,10005051102-1044,10005051102,-7.50841061735083E1,3.87091117381846E1,P,300,10,1,64,1,,0,1,1,26000,1,4700,10,1,10005051102-1044-1409,,816368500
H,1,554709,300,3,10,52000,2,10005051102-1044,10005051102,-7.50841061735083E1,3.87091117381846E1,P,300,10,2,58,1,,1,1,1,26000,1,4700,12,1,10005051102-1044-1410,,678075086
H,1,234959,300,3,10,64300,2,10005051102-1045,10005051102,-7.50819451869684E1,3.87095280662464E1,P,300,10,1,64,1,,0,1,6,30400,1,,39,1,10005051102-1045-1411,,
H,1,234959,300,3,10,64300,2,10005051102-1045,10005051102,-7.50819451869684E1,3.87095280662464E1,P,300,10,2,64,1,,1,1,6,33900,1,5000,10,1,10005051102-1045-1412,,
H,1,346969,300,3,10,72400,2,10005051102-1046,10005051102,-7.50829578375632E1,3.87089659989185E1,P,101,10,1,62,1,,0,1,1,58000,1,7700,10,1,10005051102-1046-1413,,609740063
H,1,346969,300,3,10,72400,2,10005051102-1046,10005051102,-7.50829578375632E1,3.87089659989185E1,P,101,10,2,67,1,,1,1,6,14400,2,8760,139,1,10005051102-1046-1414,,
H,1,773702,300,3,10,79960,2,10005051102-1047,10005051102,-7.50823174571467E1,3.87092538347666E1,P,102,10,1,62,1,,0,1,6,66000,1,,10,1,10005051102-1047-1415,,
H,1,773702,300,3,10,79960,2,10005051102-1047,10005051102,-7.50823174571467E1,3.87092538347666E1,P,102,10,2,29,1,,2,1,1,13960,1,5860,10,1,10005051102-1047-1416,,648152528
H,1,546202,300,3,10,58100,2,10005051102-1048,10005051102,-7.50832665571351E1,3.8709217914547E1,P,300,10,1,63,1,,0,1,6,19700,1,430,24,1,10005051102-1048-1417,,
H,1,546202,300,3,10,58100,2,10005051102-1048,10005051102,-7.50832665571351E1,3.8709217914547E1,P,300,10,2,63,1,,1,1,6,38400,1,,10,1,10005051102-1048-1418,,
H,1,659664,300,3,10,71000,2,10005051102-1049,10005051102,-7.50835000414754E1,3.87090804927591E1,P,300,10,1,60,2,15,0,1,1,37000,1,4640,39,1,10005051102-1049-1419,,223569088
H,1,659664,300,3,10,71000,2,10005051102-1049,10005051102,-7.50835000414754E1,3.87090804927591E1,P,300,10,1,28,1,,2,1,3,34000,1,4220,39,1,10005051102-1049-1420,,
H,1,225203,300,3,10,79210,2,10005051102-1050,10005051102,-7.50815051279822E1,3.87094180418631E1,P,300,10,1,63,1,,0,1,6,59210,1,5600,10,1,10005051102-1050-1421,,
H,1,225203,300,3,10,79210,2,10005051102-1050,10005051102,-7.50815051279822E1,3.87094180418631E1,P,300,10,2,57,1,,1,1,1,20000,1,5240,10,1,10005051102-1050-1422,,380093690
H,1,93334,300,3,10,82000,2,10005051102-1051,10005051102,-7.50815029051968E1,3.87090419862224E1,P,104,10,1,61,1,,0,1,1,82000,1,9130,10,1,10005051102-1051-1423,,400853115
H,1,93334,300,3,10,82000,2,10005051102-1051,10005051102,-7.50815029051968E1,3.87090419862224E1,P,104,10,1,28,1,,2,1,3,0,1,1550,10,1,10005051102-1051-1424,,
H,1,546202,300,3,10,58100,2,10005051102-1052,10005051102,-7.50826019546273E1,3.8709094762005E1,P,300,10,1,63,1,,0,1,6,19700,1,430,24,1,10005051102-1052-1425,,
H,1,546202,300,3,10,58100,2,10005051102-1052,10005051102,-7.50826019546273E1,3.8709094762005E1,P,300,10,2,63,1,,1,1,6,38400,1,,10,1,10005051102-1052-1426,,
H,1,485385,300,3,10,85400,2,10005051102-1053,10005051102,-7.50825998502505E1,3.87094787549454E1,P,300,10,1,61,1,,0,1,1,72000,1,2100,39,1,10005051102-1053-1427,,374927887
H,1,485385,300,3,10,85400,2,10005051102-1053,10005051102,-7.50825998502505E1,3.87094787549454E1,P,300,10,2,67,1,,1,1,6,13400,1,,9,1,10005051102-1053-1428,,
H,1,93334,300,3,10,82000,2,10005051102-1054,10005051102,-7.50817095393917E1,3.870939032225E1,P,104,10,1,61,1,,0,1,1,82000,1,9130,10,1,10005051102-1054-1429,,987673373
H,1,93334,300,3,10,82000,2,10005051102-1054,10005051102,-7.50817095393917E1,3.870939032225E1,P,104,10,1,28,1,,2,1,3,0,1,1550,10,1,10005051102-1054-1430,,
H,1,699842,300,3,10,88200,2,10005051102-1055,10005051102,-7.5081040962043E1,3.87095252848283E1,P,200,10,1,63,1,,0,1,1,37200,1,600,55,1,10005051102-1055-1431,,232160663
H,1,699842,300,3,10,88200,2,10005051102-1055,10005051102,-7.5081040962043E1,3.87095252848283E1,P,200,10,2,55,1,,1,1,1,51000,1,5000,10,1,10005051102-1055-1432,,966223091
H,1,532299,300,3,10,84000,2,10005051102-1056,10005051102,-7.50803573090535E1,3.87096626089254E1,P,200,10,1,63,1,,0,4,6,36000,2,,327,1,10005051102-1056-1433,,
H,1,532299,300,3,10,84000,2,10005051102-1056,10005051102,-7.50803573090535E1,3.87096626089254E1,P,200,10,2,47,1,,1,1,1,48000,1,5700,10,1,10005051102-1056-1434,,892282955
H,1,1150682,300,3,10,61100,2,10005051102-1057,10005051102,-7.50792052381154E1,3.87095100492458E1,P,300,10,1,66,1,,0,1,6,24100,1,800,10,1,10005051102-1057-1435,,
H,1,1150682,300,3,10,61100,2,10005051102-1057,10005051102,-7.50792052381154E1,3.87095100492458E1,P,300,10,2,59,1,,1,1,1,37000,1,9360,42,1,10005051102-1057-1436,,816259345
H,1,1297887,300,3,10,73000,2,10005051102-1058,10005051102,-7.50802646970006E1,3.87092159012915E1,P,300,10,1,62,1,,0,1,1,60000,1,1050,10,1,10005051102-1058-1437,,816260954
H,1,1297887,300,3,10,73000,2,10005051102-1058,10005051102,-7.50802646970006E1,3.87092159012915E1,P,300,10,2,48,1,,1,1,1,13000,1,4720,10,1,10005051102-1058-1438,,816365845
H,1,485385,300,3,10,85400,2,10005051102-1059,10005051102,-7.50800419102877E1,3.87091236216945E1,P,300,10,1,61,1,,0,1,1,72000,1,2100,39,1,10005051102-1059-1439,,816260228
H,1,485385,300,3,10,85400,2,10005051102-1059,10005051102,-7.50800419102877E1,3.87091236216945E1,P,300,10,2,67,1,,1,1,6,13400,1,,9,1,10005051102-1059-1440,,
H,1,1331581,300,3,10,88900,2,10005051102-1060,10005051102,-7.50782914529755E1,3.87096759776992E1,P,200,10,1,61,1,,0,1,1,39400,1,9130,10,1,10005051102-1060-1441,,816365795
H,1,1331581,300,3,10,88900,2,10005051102-1060,10005051102,-7.50782914529755E1,3.87096759776992E1,P,200,10,2,55,1,,13,1,3,49500,1,5240,10,1,10005051102-1060-1442,,
H,1,83531,300,3,10,64000,2,10005051102-1061,10005051102,-7.5079785400708E1,3.8709635110976E1,P,101,10,2,64,1,,0,1,1,25000,1,4760,42,1,10005051102-1061-1443,,423041235
H,1,83531,300,3,10,64000,2,10005051102-1061,10005051102,-7.5079785400708E1,3.8709635110976E1,P,101,10,1,65,1,,15,1,1,39000,1,9130,34,1,10005051102-1061-1444,,121603153
H,1,344378,300,3,10,57000,2,10005051102-1062,10005051102,-7.50809792143147E1,3.87091436539957E1,P,300,10,1,64,1,,0,1,3,16000,1,2800,26,1,10005051102-1062-1445,,
H,1,344378,300,3,10,57000,2,10005051102-1062,10005051102,-7.50809792143147E1,3.87091436539957E1,P,300,10,2,35,1,,1,1,1,41000,1,136,25,1,10005051102-1062-1446,,423044072
H,1,1009094,300,3,10,99000,2,10005051102-1063,10005051102,-7.50810763193802E1,3.87095521905097E1,P,102,10,1,64,1,,0,1,6,65000,1,1720,6,1,10005051102-1063-1447,,
H,1,1009094,300,3,10,99000,2,10005051102-1063,10005051102,-7.50810763193802E1,3.87095521905097E1,P,102,10,2,64,1,,1,1,6,34000,2,,110,1,10005051102-1063-1448,,
H,1,396108,300,3,10,60100,2,10005051102-1064,10005051102,-7.507904284281E1,3.87090565351947E1,P,102,10,1,62,1,,0,1,6,60100,1,2310,10,1,10005051102-1064-1449,,
H,1,396108,300,3,10,60100,2,10005051102-1064,10005051102,-7.507904284281E1,3.87090565351947E1,P,102,10,2,60,1,,1,1,6,0,1,,10,1,10005051102-1064-1450,,
H,1,1388713,300,3,10,65000,2,10005051102-1065,10005051102,-7.50786040965906E1,3.87097248343755E1,P,300,10,1,63,1,,0,1,6,45600,1,9200,42,1,10005051102-1065-1451,,
H,1,1388713,300,3,10,65000,2,10005051102-1065,10005051102,-7.50786040965906E1,3.87097248343755E1,P,300,10,2,62,1,,1,1,6,19400,1,,10,1,10005051102-1065-1452,,
H,1,454615,300,3,10,64160,2,10005051102-1066,10005051102,-7.50799775778074E1,3.8709601352031E1,P,300,10,1,64,1,,0,1,1,36360,1,6200,10,1,10005051102-1066-1453,,597617893
H,1,454615,300,3,10,64160,2,10005051102-1066,10005051102,-7.50799775778074E1,3.8709601352031E1,P,300,10,2,37,1,,2,1,1,27800,1,4110,10,1,10005051102-1066-1454,,268673456
H,1,479428,300,3,10,50800,2,10005051102-1067,10005051102,-7.50798444383525E1,3.87098316502165E1,P,300,10,1,64,1,,0,1,3,49200,1,430,42,1,10005051102-1067-1455,,
H,1,479428,300,3,10,50800,2,10005051102-1067,10005051102,-7.50798444383525E1,3.87098316502165E1,P,300,10,2,62,1,,1,1,6,1600,1,9120,42,1,10005051102-1067-1456,,
H,1,530465,300,3,10,67000,2,10005051102-1068,10005051102,-7.50790957376068E1,3.8709400806734E1,P,200,10,1,63,1,,0,1,1,25400,1,5810,42,1,10005051102-1068-1457,,647527944
H,1,530465,300,3,10,67000,2,10005051102-1068,10005051102,-7.50790957376068E1,3.8709400806734E1,P,200,10,2,63,1,,1,1,1,41600,1,4700,42,1,10005051102-1068-1458,,9145244
H,1,1428810,300,3,10,50000,2,10005051102-1069,10005051102,-7.50785145024062E1,3.87097087252257E1,P,104,10,1,60,1,,0,1,1,30000,1,220,10,1,10005051102-1069-1459,,816374144
H,1,1428810,300,3,10,50000,2,10005051102-1069,10005051102,-7.50785145024062E1,3.87097087252257E1,P,104,10,2,58,1,,1,1,1,20000,1,5700,24,1,10005051102-1069-1460,,518049374
H,1,225203,300,3,10,79210,2,10005051102-1070,10005051102,-7.50795779316987E1,3.87095212569691E1,P,300,10,1,63,1,,0,1,6,59210,1,5600,10,1,10005051102-1070-1461,,
H,1,225203,300,3,10,79210,2,10005051102-1070,10005051102,-7.50795779316987E1,3.87095212569691E1,P,300,10,2,57,1,,1,1,1,20000,1,5240,10,1,10005051102-1070-1462,,518049176
H,1,546202,300,3,10,58100,2,10005051102-1071,10005051102,-7.50791806663902E1,3.87092790954576E1,P,300,10,1,63,1,,0,1,6,19700,1,430,24,1,10005051102-1071-1463,,
H,1,546202,300,3,10,58100,2,10005051102-1071,10005051102,-7.50791806663902E1,3.87092790954576E1,P,300,10,2,63,1,,1,1,6,38400,1,,10,1,10005051102-1071-1464,,
H,1,835913,300,3,10,73500,2,10005051102-1072,10005051102,-7.50786706735102E1,3.87093630834818E1,P,101,10,1,63,1,,0,1,1,67500,1,2310,31,1,10005051102-1072-1465,,121594931
H,1,835913,300,3,10,73500,2,10005051102-1072,10005051102,-7.50786706735102E1,3.87093630834818E1,P,101,10,2,54,1,,1,1,6,6000,1,4950,6,1,10005051102-1072-1466,,
H,1,1297887,300,3,10,73000,2,10005051102-1073,10005051102,-7.50788642284358E1,3.87094288817002E1,P,300,10,1,62,1,,0,1,1,60000,1,1050,10,1,10005051102-1073-1467,,678074725
H,1,1297887,300,3,10,73000,2,10005051102-1073,10005051102,-7.50788642284358E1,3.87094288817002E1,P,300,10,2,48,1,,1,1,1,13000,1,4720,10,1,10005051102-1073-1468,,423032648
H,1,98231,300,3,10,52000,2,10005051102-1074,10005051102,-7.50772621903846E1,3.87099540799636E1,P,103,10,1,61,1,,0,1,1,52000,1,4700,55,1,10005051102-1074-1469,,4578258
H,1,98231,300,3,10,52000,2,10005051102-1074,10005051102,-7.50772621903846E1,3.87099540799636E1,P,103,10,2,62,1,,1,1,6,0,1,,48,1,10005051102-1074-1470,,
H,1,1009094,300,3,10,99000,2,10005051102-1075,10005051102,-7.50775627141232E1,3.8709621171064E1,P,102,10,1,64,1,,0,1,6,65000,1,1720,6,1,10005051102-1075-1471,,
H,1,1009094,300,3,10,99000,2,10005051102-1075,10005051102,-7.50775627141232E1,3.8709621171064E1,P,102,10,2,64,1,,1,1,6,34000,2,,110,1,10005051102-1075-1472,,
H,1,157228,300,3,10,70200,2,10005051102-1076,10005051102,-7.50774225365334E1,3.87094817148961E1,P,200,10,2,64,1,,0,1,6,11400,1,,9,1,10005051102-1076-1473,,
H,1,157228,300,3,10,70200,2,10005051102-1076,10005051102,-7.50774225365334E1,3.87094817148961E1,P,200,10,1,66,1,,1,1,6,58800,1,1410,9,1,10005051102-1076-1474,,
H,1,1009094,300,3,10,99000,2,10005051102-1077,10005051102,-7.50774479237295E1,3.87096248855026E1,P,102,10,1,64,1,,0,1,6,65000,1,1720,6,1,10005051102-1077-1475,,
H,1,1009094,300,3,10,99000,2,10005051102-1077,10005051102,-7.50774479237295E1,3.87096248855026E1,P,102,10,2,64,1,,1,1,6,34000,2,,110,1,10005051102-1077-1476,,
H,1,835913,300,3,10,73500,2,10005051102-1078,10005051102,-7.50889018030137E1,3.87100569874725E1,P,101,10,1,63,1,,0,1,1,67500,1,2310,31,1,10005051102-1078-1477,,892300138
H,1,835913,300,3,10,73500,2,10005051102-1078,10005051102,-7.50889018030137E1,3.87100569874725E1,P,101,10,2,54,1,,1,1,6,6000,1,4950,6,1,10005051102-1078-1478,,
H,1,1272893,300,3,10,77500,2,10005051102-1079,10005051102,-7.50882522231005E1,3.87104675872031E1,P,104,10,1,64,1,,0,1,6,41500,1,1050,54,1,10005051102-1079-1479,,
H,1,1272893,300,3,10,77500,2,10005051102-1079,10005051102,-7.50882522231005E1,3.87104675872031E1,P,104,10,2,60,1,,1,1,1,36000,1,2630,54,1,10005051102-1079-1480,,604945477
H,1,235863,300,3,10,89700,2,10005051102-1080,10005051102,-7.50913621400231E1,3.87089348972935E1,P,102,10,1,63,1,,0,1,6,38050,1,8610,42,1,10005051102-1080-1481,,
H,1,235863,300,3,10,89700,2,10005051102-1080,10005051102,-7.50913621400231E1,3.87089348972935E1,P,102,10,2,56,1,,1,1,1,51650,1,5240,10,1,10005051102-1080-1482,,452187800
H,1,192762,300,3,10,82700,2,10005051102-1081,10005051102,-7.50886010800211E1,3.87105597196617E1,P,300,10,1,63,1,,0,1,1,26700,1,3320,42,1,10005051102-1081-1483,,455364703
H,1,192762,300,3,10,82700,2,10005051102-1081,10005051102,-7.50886010800211E1,3.87105597196617E1,P,300,10,2,61,1,,1,1,1,56000,1,5860,42,1,10005051102-1081-1484,,121592216
H,1,1009094,300,3,10,99000,2,10005051102-1082,10005051102,-7.50889771488954E1,3.87103088550743E1,P,102,10,1,64,1,,0,1,6,65000,1,1720,6,1,10005051102-1082-1485,,
H,1,1009094,300,3,10,99000,2,10005051102-1082,10005051102,-7.50889771488954E1,3.87103088550743E1,P,102,10,2,64,1,,1,1,6,34000,2,,110,1,10005051102-1082-1486,,
H,1,897820,300,3,10,61200,2,10005051102-1083,10005051102,-7.50887109000108E1,3.8710425960459E1,P,200,10,1,62,1,,0,1,1,28800,1,220,10,1,10005051102-1083-1487,,359420056
H,1,897820,300,3,10,61200,2,10005051102-1083,10005051102,-7.50887109000108E1,3.8710425960459E1,P,200,10,2,59,1,,1,1,1,32400,1,5400,10,1,10005051102-1083-1488,,545158602
H,1,699842,300,3,10,88200,2,10005051102-1084,10005051102,-7.50886851034717E1,3.8710501386434E1,P,200,10,1,63,1,,0,1,1,37200,1,600,55,1,10005051102-1084-1489,,8306680
H,1,699842,300,3,10,88200,2,10005051102-1084,10005051102,-7.50886851034717E1,3.8710501386434E1,P,200,10,2,55,1,,1,1,1,51000,1,5000,10,1,10005051102-1084-1490,,816365654
H,1,235863,300,3,10,89700,2,10005051102-1085,10005051102,-7.50912705328665E1,3.87088975769127E1,P,102,10,1,63,1,,0,1,6,38050,1,8610,42,1,10005051102-1085-1491,,
H,1,235863,300,3,10,89700,2,10005051102-1085,10005051102,-7.50912705328665E1,3.87088975769127E1,P,102,10,2,56,1,,1,1,1,51650,1,5240,10,1,10005051102-1085-1492,,423039346
H,1,821972,300,3,10,78600,2,10005051102-1086,10005051102,-7.5089649664049E1,3.8709476891655E1,P,300,10,1,64,1,,0,1,6,15100,1,,10,1,10005051102-1086-1493,,
H,1,821972,300,3,10,78600,2,10005051102-1086,10005051102,-7.5089649664049E1,3.8709476891655E1,P,300,10,2,60,1,,13,1,1,63500,1,5700,10,1,10005051102-1086-1494,,571812908
H,1,234959,300,3,10,64300,2,10005051102-1087,10005051102,-7.50891520257287E1,3.87094692129651E1,P,300,10,1,64,1,,0,1,6,30400,1,,39,1,10005051102-1087-1495,,
H,1,234959,300,3,10,64300,2,10005051102-1087,10005051102,-7.50891520257287E1,3.87094692129651E1,P,300,10,2,64,1,,1,1,6,33900,1,5000,10,1,10005051102-1087-1496,,
H,1,1373986,300,3,10,69900,2,10005051102-1088,10005051102,-7.50885674102755E1,3.87105885397824E1,P,101,10,1,61,1,,0,1,6,22900,1,4760,42,1,10005051102-1088-1497,,
H,1,1373986,300,3,10,69900,2,10005051102-1088,10005051102,-7.50885674102755E1,3.87105885397824E1,P,101,10,2,62,1,,1,1,1,47000,1,5000,10,1,10005051102-1088-1498,,545158602
H,1,501932,300,3,10,81230,2,10005051102-1089,10005051102,-7.50894334250998E1,3.87098349481966E1,P,101,10,1,63,1,,0,1,1,52030,1,2015,110,1,10005051102-1089-1499,,816365654
H,1,501932,300,3,10,81230,2,10005051102-1089,10005051102,-7.50894334250998E1,3.87098349481966E1,P,101,10,2,46,1,,13,1,1,29200,1,3510,11,1,10005051102-1089-1500,,493543888
H,1,1388713,300,3,10,65000,2,10005051102-1090,10005051102,-7.5089051830028E1,3.87102323733157E1,P,300,10,1,63,1,,0,1,6,45600,1,9200,42,1,10005051102-1090-1501,,
H,1,1388713,300,3,10,65000,2,10005051102-1090,10005051102,-7.5089051830028E1,3.87102323733157E1,P,300,10,2,62,1,,1,1,6,19400,1,,10,1,10005051102-1090-1502,,
H,1,479428,300,3,10,50800,2,10005051102-1091,10005051102,-7.508981263062E1,3.87099500521881E1,P,300,10,1,64,1,,0,1,3,49200,1,430,42,1,10005051102-1091-1503,,
H,1,479428,300,3,10,50800,2,10005051102-1091,10005051102,-7.508981263062E1,3.87099500521881E1,P,300,10,2,62,1,,1,1,6,1600,1,9120,42,1,10005051102-1091-1504,,
H,1,1214458,300,3,10,62700,2,10005051102-1092,10005051102,-7.50895358098746E1,3.87100086141873E1,P,102,10,2,62,1,,0,1,1,4000,1,4600,42,1,10005051102-1092-1505,,816259345
H,1,1214458,300,3,10,62700,2,10005051102-1092,10005051102,-7.50895358098746E1,3.87100086141873E1,P,102,10,1,64,1,,1,1,1,58700,1,9130,42,1,10005051102-1092-1506,,121610729
H,1,1116147,300,3,10,62000,2,10005051102-1093,10005051102,-7.50888905093385E1,3.87102743671812E1,P,102,10,1,70,1,,0,1,1,43000,1,800,10,1,10005051102-1093-1507,,597617893
H,1,1116147,300,3,10,62000,2,10005051102-1093,10005051102,-7.50888905093385E1,3.87102743671812E1,P,102,10,2,69,1,,1,1,6,19000,1,800,10,1,10005051102-1093-1508,,
H,1,433712,300,3,10,94600,2,10005051102-1094,10005051102,-7.5091154475131E1,3.87091273396661E1,P,102,10,1,72,1,,0,1,6,51500,1,,42,1,10005051102-1094-1509,,
H,1,433712,300,3,10,94600,2,10005051102-1094,10005051102,-7.5091154475131E1,3.87091273396661E1,P,102,10,2,72,1,,1,1,6,43100,1,,42,1,10005051102-1094-1510,,
H,1,1041522,300,3,10,67900,2,10005051102-1095,10005051102,-7.50900703747058E1,3.87096035323927E1,P,102,10,1,72,1,,0,1,6,44890,1,940,42,1,10005051102-1095-1511,,
H,1,1041522,300,3,10,67900,2,10005051102-1095,10005051102,-7.50900703747058E1,3.87096035323927E1,P,102,10,2,73,1,,1,1,1,23010,1,5240,10,1,10005051102-1095-1512,,223571548
H,1,322039,300,3,10,53000,2,10005051102-1096,10005051102,-7.50891213871983E1,3.87096816083956E1,P,300,10,2,70,1,,0,1,6,53000,1,,42,1,10005051102-1096-1513,,
H,1,322039,300,3,10,53000,2,10005051102-1096,10005051102,-7.50891213871983E1,3.87096816083956E1,P,300,10,1,79,1,,1,1,6,0,1,,42,1,10005051102-1096-1514,,
H,1,245455,300,3,10,69000,2,10005051102-1097,10005051102,-7.50904452765206E1,3.87092842886032E1,P,300,10,1,67,1,,0,1,6,45000,1,,42,1,10005051102-1097-1515,,
H,1,245455,300,3,10,69000,2,10005051102-1097,10005051102,-7.50904452765206E1,3.87092842886032E1,P,300,10,2,65,1,,1,1,6,24000,1,,42,1,10005051102-1097-1516,,
H,1,642499,300,3,10,84080,2,10005051102-1098,10005051102,-7.50767593600986E1,3.87090964996911E1,P,300,10,1,70,1,,0,1,6,84080,1,410,10,1,10005051102-1098-1517,,
H,1,642499,300,3,10,84080,2,10005051102-1098,10005051102,-7.50767593600986E1,3.87090964996911E1,P,300,10,2,49,1,,1,1,6,0,1,,10,1,10005051102-1098-1518,,
H,1,635760,300,3,10,71000,2,10005051102-1099,10005051102,-7.50765478405524E1,3.87098120135562E1,P,300,10,2,70,1,,0,1,6,32500,1,,48,1,10005051102-1099-1519,,
H,1,635760,300,3,10,71000,2,10005051102-1099,10005051102,-7.50765478405524E1,3.87098120135562E1,P,300,10,1,70,1,,1,1,6,38500,1,,42,1,10005051102-1099-1520,,
H,1,834312,300,3,10,85000,2,10005051102-1100,10005051102,-7.50759704269577E1,3.87097696723691E1,P,102,10,2,72,1,,0,1,6,16000,1,,9,1,10005051102-1100-1521,,
H,1,834312,300,3,10,85000,2,10005051102-1100,10005051102,-7.50759704269577E1,3.87097696723691E1,P,102,10,1,54,1,,1,1,1,69000,1,650,42,1,10005051102-1100-1522,,816368500
H,1,1334229,300,3,10,61930,2,10005051102-1101,10005051102,-7.5076605372687E1,3.87096683789627E1,P,103,10,1,74,1,,0,1,6,43600,1,,47,1,10005051102-1101-1523,,
H,1,1334229,300,3,10,61930,2,10005051102-1101,10005051102,-7.5076605372687E1,3.87096683789627E1,P,103,10,2,70,2,15,1,1,6,18330,1,,24,1,10005051102-1101-1524,,
H,1,245455,300,3,10,69000,2,10005051102-1102,10005051102,-7.50770974427052E1,3.87097203458456E1,P,300,10,1,67,1,,0,1,6,45000,1,,42,1,10005051102-1102-1525,,
H,1,245455,300,3,10,69000,2,10005051102-1102,10005051102,-7.50770974427052E1,3.87097203458456E1,P,300,10,2,65,1,,1,1,6,24000,1,,42,1,10005051102-1102-1526,,
H,1,591025,300,3,10,55000,2,10005051102-1103,10005051102,-7.5076175778912E1,3.87097812117975E1,P,103,10,2,69,1,,0,1,6,23000,1,,42,1,10005051102-1103-1527,,
H,1,591025,300,3,10,55000,2,10005051102-1103,10005051102,-7.5076175778912E1,3.87097812117975E1,P,103,10,1,49,1,,2,1,1,32000,1,5400,42,1,10005051102-1103-1528,,252547633
H,1,979702,300,3,10,58800,2,10005051102-1104,10005051102,-7.50766241458866E1,3.8709572017478E1,P,101,10,2,72,1,,0,1,1,33500,1,2000,42,1,10005051102-1104-1529,,816175004
H,1,979702,300,3,10,58800,2,10005051102-1104,10005051102,-7.50766241458866E1,3.8709572017478E1,P,101,10,1,70,1,,1,1,1,25300,1,4040,10,1,10005051102-1104-1530,,518046925
H,1,587225,300,3,10,90900,2,10005051102-1105,10005051102,-7.50760577440546E1,3.8709918381461E1,P,200,10,1,67,1,,0,1,6,82500,1,4250,42,1,10005051102-1105-1531,,
H,1,587225,300,3,10,90900,2,10005051102-1105,10005051102,-7.50760577440546E1,3.8709918381461E1,P,200,10,2,64,1,,1,1,6,8400,1,,10,1,10005051102-1105-1532,,
H,1,300166,300,3,10,88650,2,10005051102-1106,10005051102,-7.50763244878265E1,3.870997819825E1,P,300,10,1,70,1,,0,1,6,36150,1,,29,1,10005051102-1106-1533,,
H,1,300166,300,3,10,88650,2,10005051102-1106,10005051102,-7.50763244878265E1,3.870997819825E1,P,300,10,2,68,1,,1,1,6,52500,1,,11,1,10005051102-1106-1534,,
H,1,1248641,300,3,10,98200,2,10005051102-1107,10005051102,-7.5076783904495E1,3.8709932487584E1,P,300,10,1,70,1,,0,1,1,62800,1,2830,11,1,10005051102-1107-1535,,597331537
H,1,1248641,300,3,10,98200,2,10005051102-1107,10005051102,-7.5076783904495E1,3.8709932487584E1,P,300,10,2,68,1,,1,1,6,35400,1,430,36,1,10005051102-1107-1536,,
H,1,835534,300,3,10,74500,2,10005051102-1108,10005051102,-7.50875967634754E1,3.87102410492985E1,P,300,10,1,65,1,,0,1,6,37800,1,,37,1,10005051102-1108-1537,,
H,1,835534,300,3,10,74500,2,10005051102-1108,10005051102,-7.50875967634754E1,3.87102410492985E1,P,300,10,2,64,1,,1,1,6,36700,1,,10,1,10005051102-1108-1538,,
H,1,1039961,300,3,10,66900,2,10005051102-1109,10005051102,-7.50869252635762E1,3.87092430403576E1,P,104,10,1,72,1,,0,1,6,43100,1,,36,1,10005051102-1109-1539,,
H,1,1039961,300,3,10,66900,2,10005051102-1109,10005051102,-7.50869252635762E1,3.87092430403576E1,P,104,10,2,72,1,,1,1,6,23800,1,,10,1,10005051102-1109-1540,,
H,1,289232,300,3,10,84050,2,10005051102-1110,10005051102,-7.50874984363041E1,3.8709383658427E1,P,103,10,1,69,1,,0,1,6,70650,1,2200,36,1,10005051102-1110-1541,,
H,1,289232,300,3,10,84050,2,10005051102-1110,10005051102,-7.50874984363041E1,3.8709383658427E1,P,103,10,2,68,1,,1,1,6,13400,1,,42,1,10005051102-1110-1542,,
H,1,499291,300,3,10,57170,2,10005051102-1111,10005051102,-7.50873245864097E1,3.87095675286612E1,P,300,10,1,72,1,,0,1,6,57170,1,,11,1,10005051102-1111-1543,,
H,1,499291,300,3,10,57170,2,10005051102-1111,10005051102,-7.50873245864097E1,3.87095675286612E1,P,300,10,2,70,1,,1,1,6,0,1,,11,1,10005051102-1111-1544,,
H,1,705184,300,3,10,79600,2,10005051102-1112,10005051102,-7.50874495477056E1,3.87097766477293E1,P,300,10,1,73,1,,0,1,6,50000,1,,24,1,10005051102-1112-1545,,
H,1,705184,300,3,10,79600,2,10005051102-1112,10005051102,-7.50874495477056E1,3.87097766477293E1,P,300,10,2,70,1,,1,1,6,29600,1,,24,1,10005051102-1112-1546,,
H,1,245455,300,3,10,69000,2,10005051102-1113,10005051102,-7.5086872472306E1,3.87093977282355E1,P,300,10,1,67,1,,0,1,6,45000,1,,42,1,10005051102-1113-1547,,
H,1,245455,300,3,10,69000,2,10005051102-1113,10005051102,-7.5086872472306E1,3.87093977282355E1,P,300,10,2,65,1,,1,1,6,24000,1,,42,1,10005051102-1113-1548,,
H,1,987461,300,3,10,69600,2,10005051102-1114,10005051102,-7.50876961571451E1,3.87100179348466E1,P,300,10,2,65,1,,0,1,1,51600,1,2200,42,1,10005051102-1114-1549,,304071400
H,1,987461,300,3,10,69600,2,10005051102-1114,10005051102,-7.50876961571451E1,3.87100179348466E1,P,300,10,1,68,1,,1,1,6,18000,1,,12,1,10005051102-1114-1550,,
H,1,435662,300,3,10,89500,2,10005051102-1115,10005051102,-7.50875548318145E1,3.87097326110424E1,P,300,10,1,67,1,,0,1,1,69600,1,6320,10,1,10005051102-1115-1551,,306054693
H,1,435662,300,3,10,89500,2,10005051102-1115,10005051102,-7.50875548318145E1,3.87097326110424E1,P,300,10,2,66,1,,1,1,6,19900,1,,10,1,10005051102-1115-1552,,
H,1,843658,300,3,10,64200,2,10005051102-1116,10005051102,-7.50877645850351E1,3.87103542080323E1,P,300,10,1,65,1,,0,1,6,50800,1,,10,1,10005051102-1116-1553,,
H,1,843658,300,3,10,64200,2,10005051102-1116,10005051102,-7.50877645850351E1,3.87103542080323E1,P,300,10,2,64,1,,1,1,6,13400,1,,10,1,10005051102-1116-1554,,
H,1,1360197,300,3,10,97700,2,10005051102-1117,10005051102,-7.50888534589056E1,3.87103897811046E1,P,300,10,2,65,1,,0,1,6,17700,1,5700,10,1,10005051102-1117-1555,,
H,1,1360197,300,3,10,97700,2,10005051102-1117,10005051102,-7.50888534589056E1,3.87103897811046E1,P,300,10,1,66,1,,1,1,1,80000,1,6230,36,1,10005051102-1117-1556,,597342567
H,1,983977,300,3,10,75620,2,10005051102-1118,10005051102,-7.5088041142525E1,3.87101534935766E1,P,200,10,2,71,1,,0,1,6,14310,1,,24,1,10005051102-1118-1557,,
H,1,983977,300,3,10,75620,2,10005051102-1118,10005051102,-7.5088041142525E1,3.87101534935766E1,P,200,10,1,74,1,,1,1,6,61310,1,,51,1,10005051102-1118-1558,,
H,1,1111721,300,3,10,69480,2,10005051102-1119,10005051102,-7.50878931793172E1,3.87104907286732E1,P,104,10,1,72,1,,0,1,6,52750,1,,42,1,10005051102-1119-1559,,
H,1,1111721,300,3,10,69480,2,10005051102-1119,10005051102,-7.50878931793172E1,3.87104907286732E1,P,104,10,2,72,1,,1,1,1,16730,1,4760,42,1,10005051102-1119-1560,,816258396
H,1,276761,300,3,10,70300,2,10005051102-1120,10005051102,-7.50890692028107E1,3.87107080671932E1,P,200,10,1,72,1,,0,1,6,70300,1,,24,1,10005051102-1120-1561,,
H,1,276761,300,3,10,70300,2,10005051102-1120,10005051102,-7.50890692028107E1,3.87107080671932E1,P,200,10,2,70,1,,1,1,6,0,1,,24,1,10005051102-1120-1562,,
H,1,997993,300,3,10,63300,2,10005051102-1121,10005051102,-7.5089450886528E1,3.87104940840341E1,P,200,10,1,72,1,,0,1,1,29300,1,7320,24,1,10005051102-1121-1563,,258428341
H,1,997993,300,3,10,63300,2,10005051102-1121,10005051102,-7.5089450886528E1,3.87104940840341E1,P,200,10,2,56,1,,1,1,1,34000,2,2540,120,1,10005051102-1121-1564,,1704683
H,1,360343,300,3,10,55100,2,10005051102-1122,10005051102,-7.50897436157017E1,3.8710745399371E1,P,300,10,1,69,1,,0,1,6,43300,1,,10,1,10005051102-1122-1565,,
H,1,360343,300,3,10,55100,2,10005051102-1122,10005051102,-7.50897436157017E1,3.8710745399371E1,P,300,10,2,65,1,,1,1,6,11800,1,4760,10,1,10005051102-1122-1566,,
H,1,1233832,300,3,10,62570,2,10005051102-1123,10005051102,-7.50897457684805E1,3.87106114731937E1,P,300,10,1,66,1,,0,1,6,59000,1,,34,1,10005051102-1123-1567,,
H,1,1233832,300,3,10,62570,2,10005051102-1123,10005051102,-7.50897457684805E1,3.87106114731937E1,P,300,10,2,65,1,,1,1,6,3570,1,,36,1,10005051102-1123-1568,,
H,1,1038113,300,3,10,87000,2,10005051102-1124,10005051102,-7.50888773097382E1,3.87111306345997E1,P,300,10,2,69,1,,0,1,1,73000,1,3030,24,1,10005051102-1124-1569,,8306680
H,1,1038113,300,3,10,87000,2,10005051102-1124,10005051102,-7.50888773097382E1,3.87111306345997E1,P,300,10,2,47,1,,2,1,6,14000,1,,24,9,10005051102-1124-1570,,
H,1,587225,300,3,10,90900,2,10005051102-1125,10005051102,-7.5088962572543E1,3.8711332820519E1,P,200,10,1,67,1,,0,1,6,82500,1,4250,42,1,10005051102-1125-1571,,
H,1,587225,300,3,10,90900,2,10005051102-1125,10005051102,-7.5088962572543E1,3.8711332820519E1,P,200,10,2,64,1,,1,1,6,8400,1,,10,1,10005051102-1125-1572,,
H,1,1217683,300,3,10,83520,2,10005051102-1126,10005051102,-7.5089330014806E1,3.87109011116271E1,P,103,10,1,68,1,,0,1,6,70120,1,,16,1,10005051102-1126-1573,,
H,1,1217683,300,3,10,83520,2,10005051102-1126,10005051102,-7.5089330014806E1,3.87109011116271E1,P,103,10,2,66,1,,1,1,6,13400,1,,10,1,10005051102-1126-1574,,
H,1,712350,300,3,10,60400,2,10005051102-1127,10005051102,-7.50891475821332E1,3.87110804851802E1,P,102,10,2,58,1,,0,1,1,60000,1,2630,48,1,10005051102-1127-1575,,215472812
H,1,712350,300,3,10,60400,2,10005051102-1127,10005051102,-7.50891475821332E1,3.87110804851802E1,P,102,10,1,24,1,,2,1,3,400,1,9620,10,1,10005051102-1127-1576,,
H,1,276761,300,3,10,70300,2,10005051102-1128,10005051102,-7.50897346401073E1,3.87102961149396E1,P,200,10,1,72,1,,0,1,6,70300,1,,24,1,10005051102-1128-1577,,
H,1,276761,300,3,10,70300,2,10005051102-1128,10005051102,-7.50897346401073E1,3.87102961149396E1,P,200,10,2,70,1,,1,1,6,0,1,,24,1,10005051102-1128-1578,,
H,1,308848,300,3,10,69800,2,10005051102-1129,10005051102,-7.5088473076142E1,3.87105810151168E1,P,103,10,1,69,1,,0,1,1,57000,1,3940,54,1,10005051102-1129-1579,,598471647
H,1,308848,300,3,10,69800,2,10005051102-1129,10005051102,-7.5088473076142E1,3.87105810151168E1,P,103,10,2,69,1,,1,1,6,12800,1,,42,1,10005051102-1129-1580,,
H,1,239619,300,3,10,68070,2,10005051102-1130,10005051102,-7.5088690821988E1,3.87107992414598E1,P,200,10,1,71,1,,0,1,6,22900,1,,42,1,10005051102-1130-1581,,
H,1,239619,300,3,10,68070,2,10005051102-1130,10005051102,-7.5088690821988E1,3.87107992414598E1,P,200,10,2,66,1,,1,1,6,45170,1,,10,1,10005051102-1130-1582,,
H,1,492409,300,3,10,90100,2,10005051102-1131,10005051102,-7.50889159171766E1,3.871094747697E1,P,300,10,2,67,1,,0,1,6,45100,1,5260,10,1,10005051102-1131-1583,,
H,1,492409,300,3,10,90100,2,10005051102-1131,10005051102,-7.50889159171766E1,3.871094747697E1,P,300,10,1,61,1,,1,1,1,45000,1,7700,10,1,10005051102-1131-1584,,121564728
H,1,967222,300,3,10,73000,2,10005051102-1132,10005051102,-7.50897963599147E1,3.8710683495309E1,P,102,10,1,74,1,,0,1,1,66000,1,5510,42,1,10005051102-1132-1585,,9145244
H,1,967222,300,3,10,73000,2,10005051102-1132,10005051102,-7.50897963599147E1,3.8710683495309E1,P,102,10,2,73,1,,1,1,6,7000,1,,42,1,10005051102-1132-1586,,
H,1,869825,300,3,10,64350,2,10005051102-1133,10005051102,-7.5091098966197E1,3.87094802105026E1,P,104,10,1,73,1,,0,1,6,55450,1,,42,1,10005051102-1133-1587,,
H,1,869825,300,3,10,64350,2,10005051102-1133,10005051102,-7.5091098966197E1,3.87094802105026E1,P,104,10,2,65,1,,1,1,6,8900,1,,10,1,10005051102-1133-1588,,
H,1,421641,300,3,10,82520,2,10005051102-1134,10005051102,-7.50901813889183E1,3.87103535696194E1,P,300,10,1,74,1,,0,1,6,56800,1,,42,1,10005051102-1134-1589,,
H,1,421641,300,3,10,82520,2,10005051102-1134,10005051102,-7.50901813889183E1,3.87103535696194E1,P,300,10,2,64,1,,1,1,6,25720,1,,11,1,10005051102-1134-1590,,
H,1,1028168,300,3,10,72400,2,10005051102-1135,10005051102,-7.50907647444021E1,3.87100094967726E1,P,101,10,2,65,1,,0,1,1,32200,1,735,10,1,10005051102-1135-1591,,541554275
H,1,1028168,300,3,10,72400,2,10005051102-1135,10005051102,-7.50907647444021E1,3.87100094967726E1,P,101,10,1,69,1,,1,1,6,40200,1,,10,1,10005051102-1135-1592,,
H,1,433712,300,3,10,94600,2,10005051102-1136,10005051102,-7.50903073060581E1,3.87098207593542E1,P,102,10,1,72,1,,0,1,6,51500,1,,42,1,10005051102-1136-1593,,
H,1,433712,300,3,10,94600,2,10005051102-1136,10005051102,-7.50903073060581E1,3.87098207593542E1,P,102,10,2,72,1,,1,1,6,43100,1,,42,1,10005051102-1136-1594,,
H,1,626467,300,3,10,57200,2,10005051102-1137,10005051102,-7.50911260219074E1,3.87094956551144E1,P,102,10,2,72,1,,0,1,1,40400,1,5700,36,1,10005051102-1137-1595,,614161180
H,1,626467,300,3,10,57200,2,10005051102-1137,10005051102,-7.50911260219074E1,3.87094956551144E1,P,102,10,1,74,1,,1,1,6,16800,2,,119,1,10005051102-1137-1596,,
H,1,823055,300,3,10,73800,2,10005051102-1138,10005051102,-7.5091052653633E1,3.8709796373063E1,P,200,10,1,72,1,,0,1,6,42800,1,,42,1,10005051102-1138-1597,,
H,1,823055,300,3,10,73800,2,10005051102-1138,10005051102,-7.5091052653633E1,3.8709796373063E1,P,200,10,2,58,1,,13,1,1,31000,1,630,42,1,10005051102-1138-1598,,472704287
H,1,999979,300,3,10,88400,2,10005051102-1139,10005051102,-7.50912631444803E1,3.87098010199641E1,P,300,10,2,71,1,,0,1,6,28500,1,2100,11,1,10005051102-1139-1599,,
H,1,999979,300,3,10,88400,2,10005051102-1139,10005051102,-7.50912631444803E1,3.87098010199641E1,P,300,10,1,76,1,,1,1,6,59900,1,,28,1,10005051102-1139-1600,,
H,1,802845,300,3,10,52180,2,10005051102-1140,10005051102,-7.50899786763615E1,3.87102882115877E1,P,300,10,1,69,1,,0,1,6,38600,1,9130,24,1,10005051102-1140-1601,,
H,1,802845,300,3,10,52180,2,10005051102-1140,10005051102,-7.50899786763615E1,3.87102882115877E1,P,300,10,2,69,1,,1,1,6,13580,1,5400,10,1,10005051102-1140-1602,,
H,1,834312,300,3,10,85000,2,10005051102-1141,10005051102,-7.5090784771143E1,3.8709842802174E1,P,102,10,2,72,1,,0,1,6,16000,1,,9,1,10005051102-1141-1603,,
H,1,834312,300,3,10,85000,2,10005051102-1141,10005051102,-7.5090784771143E1,3.8709842802174E1,P,102,10,1,54,1,,1,1,1,69000,1,650,42,1,10005051102-1141-1604,,423032523
H,1,834312,300,3,10,85000,2,10005051102-1142,10005051102,-7.50903661322243E1,3.87108418607132E1,P,102,10,2,72,1,,0,1,6,16000,1,,9,1,10005051102-1142-1605,,
H,1,834312,300,3,10,85000,2,10005051102-1142,10005051102,-7.50903661322243E1,3.87108418607132E1,P,102,10,1,54,1,,1,1,1,69000,1,650,42,1,10005051102-1142-1606,,892300138
H,1,1457843,300,3,10,78700,2,10005051102-1143,10005051102,-7.5091842576686E1,3.87094693117412E1,P,300,10,2,65,1,,0,1,6,42300,1,,11,1,10005051102-1143-1607,,
H,1,1457843,300,3,10,78700,2,10005051102-1143,10005051102,-7.5091842576686E1,3.87094693117412E1,P,300,10,1,67,1,,1,1,6,36400,1,6440,11,1,10005051102-1143-1608,,
H,1,289232,300,3,10,84050,2,10005051102-1144,10005051102,-7.5090091279258E1,3.8710450260054E1,P,103,10,1,69,1,,0,1,6,70650,1,2200,36,1,10005051102-1144-1609,,
H,1,289232,300,3,10,84050,2,10005051102-1144,10005051102,-7.5090091279258E1,3.8710450260054E1,P,103,10,2,68,1,,1,1,6,13400,1,,42,1,10005051102-1144-1610,,
H,1,44646,300,3,10,82600,2,10005051102-1145,10005051102,-7.50836273387593E1,3.87097371659708E1,P,300,10,1,72,1,,0,1,6,70700,1,4760,36,1,10005051102-1145-1611,,
H,1,44646,300,3,10,82600,2,10005051102-1145,10005051102,-7.50836273387593E1,3.87097371659708E1,P,300,10,2,69,1,,1,1,6,11900,1,4920,36,1,10005051102-1145-1612,,
H,1,908921,300,3,10,84400,2,10005051102-1146,10005051102,-7.50840782436021E1,3.8709616950941E1,P,300,10,1,67,1,,0,1,6,64200,1,230,42,1,10005051102-1146-1613,,
H,1,908921,300,3,10,84400,2,10005051102-1146,10005051102,-7.50840782436021E1,3.8709616950941E1,P,300,10,2,67,1,,1,1,6,20200,1,5000,42,1,10005051102-1146-1614,,
H,1,843658,300,3,10,64200,2,10005051102-1147,10005051102,-7.50834563824597E1,3.8709722534918E1,P,300,10,1,65,1,,0,1,6,50800,1,,10,1,10005051102-1147-1615,,
H,1,843658,300,3,10,64200,2,10005051102-1147,10005051102,-7.50834563824597E1,3.8709722534918E1,P,300,10,2,64,1,,1,1,6,13400,1,,10,1,10005051102-1147-1616,,
H,1,974076,300,3,10,86100,2,10005051102-1148,10005051102,-7.50818483493763E1,3.87099701695822E1,P,300,10,1,66,1,,0,1,6,67000,1,,42,1,10005051102-1148-1617,,
H,1,974076,300,3,10,86100,2,10005051102-1148,10005051102,-7.50818483493763E1,3.87099701695822E1,P,300,10,2,67,1,,1,1,1,19100,1,5400,24,1,10005051102-1148-1618,,985302652
H,1,300166,300,3,10,88650,2,10005051102-1149,10005051102,-7.50822829933206E1,3.87098072276487E1,P,300,10,1,70,1,,0,1,6,36150,1,,29,1,10005051102-1149-1619,,
H,1,300166,300,3,10,88650,2,10005051102-1149,10005051102,-7.50822829933206E1,3.87098072276487E1,P,300,10,2,68,1,,1,1,6,52500,1,,11,1,10005051102-1149-1620,,
H,1,135820,300,3,10,65800,2,10005051102-1150,10005051102,-7.50812722347797E1,3.871012191825E1,P,300,10,1,71,1,,0,1,1,56000,1,9130,10,1,10005051102-1150-1621,,545158602
H,1,135820,300,3,10,65800,2,10005051102-1150,10005051102,-7.50812722347797E1,3.871012191825E1,P,300,10,2,67,1,,1,1,6,9800,1,,10,1,10005051102-1150-1622,,
H,1,6325,300,3,10,59400,2,10005051102-1151,10005051102,-7.5083565919987E1,3.8710041481362E1,P,103,10,2,68,1,,0,1,6,30000,1,2050,17,1,10005051102-1151-1623,,
H,1,6325,300,3,10,59400,2,10005051102-1151,10005051102,-7.5083565919987E1,3.8710041481362E1,P,103,10,2,72,1,,13,1,6,29400,1,,42,1,10005051102-1151-1624,,
H,1,988776,300,3,10,62700,2,10005051102-1152,10005051102,-7.5083183669295E1,3.87101392539708E1,P,200,10,1,70,1,,0,1,6,58200,1,1820,39,1,10005051102-1152-1625,,
H,1,988776,300,3,10,62700,2,10005051102-1152,10005051102,-7.5083183669295E1,3.87101392539708E1,P,200,10,2,60,1,,1,1,6,4500,1,2310,24,1,10005051102-1152-1626,,
H,1,987461,300,3,10,69600,2,10005051102-1153,10005051102,-7.50816358626576E1,3.87102729993881E1,P,300,10,2,65,1,,0,1,1,51600,1,2200,42,1,10005051102-1153-1627,,508213501
H,1,987461,300,3,10,69600,2,10005051102-1153,10005051102,-7.50816358626576E1,3.87102729993881E1,P,300,10,1,68,1,,1,1,6,18000,1,,12,1,10005051102-1153-1628,,
H,1,834312,300,3,10,85000,2,10005051102-1154,10005051102,-7.50827126283643E1,3.87100812995017E1,P,102,10,2,72,1,,0,1,6,16000,1,,9,1,10005051102-1154-1629,,
H,1,834312,300,3,10,85000,2,10005051102-1154,10005051102,-7.50827126283643E1,3.87100812995017E1,P,102,10,1,54,1,,1,1,1,69000,1,650,42,1,10005051102-1154-1630,,316264712
H,1,999979,300,3,10,88400,2,10005051102-1155,10005051102,-7.50828830992056E1,3.87096925217563E1,P,300,10,2,71,1,,0,1,6,28500,1,2100,11,1,10005051102-1155-1631,,
H,1,999979,300,3,10,88400,2,10005051102-1155,10005051102,-7.50828830992056E1,3.87096925217563E1,P,300,10,1,76,1,,1,1,6,59900,1,,28,1,10005051102-1155-1632,,
H,1,4107,300,3,10,57300,2,10005051102-1156,10005051102,-7.50820570692635E1,3.87103093389602E1,P,200,10,2,66,1,,0,1,6,15700,1,,10,1,10005051102-1156-1633,,
H,1,4107,300,3,10,57300,2,10005051102-1156,10005051102,-7.50820570692635E1,3.87103093389602E1,P,200,10,1,67,1,,1,1,1,41600,1,9130,25,1,10005051102-1156-1634,,816322846
H,1,1190391,300,3,10,71000,2,10005051102-1157,10005051102,-7.50835307649875E1,3.87102188798232E1,P,300,10,1,70,1,,0,1,6,23000,1,4760,1,1,10005051102-1157-1635,,
H,1,1190391,300,3,10,71000,2,10005051102-1157,10005051102,-7.50835307649875E1,3.87102188798232E1,P,300,10,2,62,1,,13,1,1,48000,1,7900,24,1,10005051102-1157-1636,,597322601
H,1,1185431,300,3,10,55200,2,10005051102-1158,10005051102,-7.50825672565816E1,3.87098876531773E1,P,200,10,2,68,1,,0,1,6,20600,1,5400,4,1,10005051102-1158-1637,,
H,1,1185431,300,3,10,55200,2,10005051102-1158,10005051102,-7.50825672565816E1,3.87098876531773E1,P,200,10,2,62,1,,12,1,1,34600,1,5620,10,1,10005051102-1158-1638,,597617893
H,1,4107,300,3,10,57300,2,10005051102-1159,10005051102,-7.50814555033967E1,3.87100831289717E1,P,200,10,2,66,1,,0,1,6,15700,1,,10,1,10005051102-1159-1639,,
H,1,4107,300,3,10,57300,2,10005051102-1159,10005051102,-7.50814555033967E1,3.87100831289717E1,P,200,10,1,67,1,,1,1,1,41600,1,9130,25,1,10005051102-1159-1640,,307843334
H,1,39781,300,3,10,68000,2,10005051102-1160,10005051102,-7.50836897226991E1,3.87098397748308E1,P,300,10,1,72,1,,0,1,6,50000,1,2200,34,1,10005051102-1160-1641,,
H,1,39781,300,3,10,68000,2,10005051102-1160,10005051102,-7.50836897226991E1,3.87098397748308E1,P,300,10,2,65,1,,1,1,1,18000,1,4760,42,1,10005051102-1160-1642,,1165745
H,1,360343,300,3,10,55100,2,10005051102-1161,10005051102,-7.50841492824728E1,3.87094747217863E1,P,300,10,1,69,1,,0,1,6,43300,1,,10,1,10005051102-1161-1643,,
H,1,360343,300,3,10,55100,2,10005051102-1161,10005051102,-7.50841492824728E1,3.87094747217863E1,P,300,10,2,65,1,,1,1,6,11800,1,4760,10,1,10005051102-1161-1644,,
H,1,1038113,300,3,10,87000,2,10005051102-1162,10005051102,-7.50810029332003E1,3.8709839812835E1,P,300,10,2,69,1,,0,1,1,73000,1,3030,24,1,10005051102-1162-1645,,1704832
H,1,1038113,300,3,10,87000,2,10005051102-1162,10005051102,-7.50810029332003E1,3.8709839812835E1,P,300,10,2,47,1,,2,1,6,14000,1,,24,9,10005051102-1162-1646,,
H,1,1041522,300,3,10,67900,2,10005051102-1163,10005051102,-7.5079205688817E1,3.87101829881851E1,P,102,10,1,72,1,,0,1,6,44890,1,940,42,1,10005051102-1163-1647,,
H,1,1041522,300,3,10,67900,2,10005051102-1163,10005051102,-7.5079205688817E1,3.87101829881851E1,P,102,10,2,73,1,,1,1,1,23010,1,5240,10,1,10005051102-1163-1648,,423044072
H,1,499291,300,3,10,57170,2,10005051102-1164,10005051102,-7.50788491146603E1,3.8710143757303E1,P,300,10,1,72,1,,0,1,6,57170,1,,11,1,10005051102-1164-1649,,
H,1,499291,300,3,10,57170,2,10005051102-1164,10005051102,-7.50788491146603E1,3.8710143757303E1,P,300,10,2,70,1,,1,1,6,0,1,,11,1,10005051102-1164-1650,,
H,1,272743,300,3,10,54000,2,10005051102-1165,10005051102,-7.50809814074067E1,3.87102433463897E1,P,300,10,1,70,1,,0,1,6,30000,1,,24,1,10005051102-1165-1651,,
H,1,272743,300,3,10,54000,2,10005051102-1165,10005051102,-7.50809814074067E1,3.87102433463897E1,P,300,10,2,67,1,,1,1,6,24000,1,,24,1,10005051102-1165-1652,,
H,1,1008853,300,3,10,64200,2,10005051102-1166,10005051102,-7.50791897651543E1,3.8710375625593E1,P,104,10,2,70,1,,0,1,6,64200,1,,34,1,10005051102-1166-1653,,
H,1,1008853,300,3,10,64200,2,10005051102-1166,10005051102,-7.50791897651543E1,3.8710375625593E1,P,104,10,1,71,1,,1,1,6,0,1,,42,1,10005051102-1166-1654,,
H,1,175505,300,3,10,60600,2,10005051102-1167,10005051102,-7.508087188718E1,3.87100792730877E1,P,200,10,2,65,1,,0,1,6,29700,1,,42,1,10005051102-1167-1655,,
H,1,175505,300,3,10,60600,2,10005051102-1167,10005051102,-7.508087188718E1,3.87100792730877E1,P,200,10,1,70,1,,1,1,6,30900,1,,10,1,10005051102-1167-1656,,
H,1,1360197,300,3,10,97700,2,10005051102-1168,10005051102,-7.50809489233104E1,3.87098996106027E1,P,300,10,2,65,1,,0,1,6,17700,1,5700,10,1,10005051102-1168-1657,,
H,1,1360197,300,3,10,97700,2,10005051102-1168,10005051102,-7.50809489233104E1,3.87098996106027E1,P,300,10,1,66,1,,1,1,1,80000,1,6230,36,1,10005051102-1168-1658,,816261382
H,1,981968,300,3,10,59310,2,10005051102-1169,10005051102,-7.50808924156717E1,3.87104606579045E1,P,102,10,2,65,1,,0,1,6,35310,2,,120,1,10005051102-1169-1659,,
H,1,981968,300,3,10,59310,2,10005051102-1169,10005051102,-7.50808924156717E1,3.87104606579045E1,P,102,10,1,34,1,,2,1,1,24000,1,120,10,1,10005051102-1169-1660,,121603393
H,1,979702,300,3,10,58800,2,10005051102-1170,10005051102,-7.50807441916478E1,3.87096089175346E1,P,101,10,2,72,1,,0,1,1,33500,1,2000,42,1,10005051102-1170-1661,,909455651
H,1,979702,300,3,10,58800,2,10005051102-1170,10005051102,-7.50807441916478E1,3.87096089175346E1,P,101,10,1,70,1,,1,1,1,25300,1,4040,10,1,10005051102-1170-1662,,533098430
H,1,983977,300,3,10,75620,2,10005051102-1171,10005051102,-7.50796223361115E1,3.87102497785064E1,P,200,10,2,71,1,,0,1,6,14310,1,,24,1,10005051102-1171-1663,,
H,1,983977,300,3,10,75620,2,10005051102-1171,10005051102,-7.50796223361115E1,3.87102497785064E1,P,200,10,1,74,1,,1,1,6,61310,1,,51,1,10005051102-1171-1664,,
H,1,823055,300,3,10,73800,2,10005051102-1172,10005051102,-7.50808610959603E1,3.8710078960387E1,P,200,10,1,72,1,,0,1,6,42800,1,,42,1,10005051102-1172-1665,,
H,1,823055,300,3,10,73800,2,10005051102-1172,10005051102,-7.50808610959603E1,3.8710078960387E1,P,200,10,2,58,1,,13,1,1,31000,1,630,42,1,10005051102-1172-1666,,1165745
H,1,1199250,300,3,10,63500,2,10005051102-1173,10005051102,-7.50781106321456E1,3.87103665605096E1,P,103,10,1,69,1,,0,1,3,27000,1,2340,42,1,10005051102-1173-1667,,
H,1,1199250,300,3,10,63500,2,10005051102-1173,10005051102,-7.50781106321456E1,3.87103665605096E1,P,103,10,2,67,1,,1,1,1,36500,1,2300,8,1,10005051102-1173-1668,,816369201
H,1,642499,300,3,10,84080,2,10005051102-1174,10005051102,-7.50783096678127E1,3.87104167127765E1,P,300,10,1,70,1,,0,1,6,84080,1,410,10,1,10005051102-1174-1669,,
H,1,642499,300,3,10,84080,2,10005051102-1174,10005051102,-7.50783096678127E1,3.87104167127765E1,P,300,10,2,49,1,,1,1,6,0,1,,10,1,10005051102-1174-1670,,
H,1,1249682,300,3,10,94100,2,10005051102-1175,10005051102,-7.50791676864127E1,3.87103000763922E1,P,300,10,2,71,1,,0,1,6,64400,1,,51,1,10005051102-1175-1671,,
H,1,1249682,300,3,10,94100,2,10005051102-1175,10005051102,-7.50791676864127E1,3.87103000763922E1,P,300,10,2,93,1,,6,1,6,29700,1,,51,1,10005051102-1175-1672,,
H,1,411289,300,3,10,62600,2,10005051102-1176,10005051102,-7.50796158491281E1,3.87103341105551E1,P,300,10,1,68,1,,0,1,6,52600,1,,42,1,10005051102-1176-1673,,
H,1,411289,300,3,10,62600,2,10005051102-1176,10005051102,-7.50796158491281E1,3.87103341105551E1,P,300,10,2,71,1,,1,1,6,10000,1,,42,1,10005051102-1176-1674,,
H,1,553057,300,3,10,54700,2,10005051102-1177,10005051102,-7.50779476586186E1,3.87101377650055E1,P,200,10,1,66,1,,0,1,6,45600,1,2160,42,1,10005051102-1177-1675,,
H,1,553057,300,3,10,54700,2,10005051102-1177,10005051102,-7.50779476586186E1,3.87101377650055E1,P,200,10,2,66,1,,1,1,6,9100,1,,42,1,10005051102-1177-1676,,
H,1,360990,300,3,10,80000,2,10005051102-1178,10005051102,-7.5079660146396E1,3.87102803323078E1,P,103,10,1,66,1,,0,1,1,55000,1,1920,10,1,10005051102-1178-1677,,234722296
H,1,360990,300,3,10,80000,2,10005051102-1178,10005051102,-7.5079660146396E1,3.87102803323078E1,P,103,10,2,62,1,,1,1,1,25000,1,5700,10,1,10005051102-1178-1678,,252546817
H,1,1185431,300,3,10,55200,2,10005051102-1179,10005051102,-7.50794895741251E1,3.8710280577001E1,P,200,10,2,68,1,,0,1,6,20600,1,5400,4,1,10005051102-1179-1679,,
H,1,1185431,300,3,10,55200,2,10005051102-1179,10005051102,-7.50794895741251E1,3.8710280577001E1,P,200,10,2,62,1,,12,1,1,34600,1,5620,10,1,10005051102-1179-1680,,545158602
H,1,1439451,300,3,10,83000,2,10005051102-1180,10005051102,-7.50781301473196E1,3.87097884510285E1,P,300,10,1,67,1,,0,1,1,57000,1,3940,24,1,10005051102-1180-1681,,400853321
H,1,1439451,300,3,10,83000,2,10005051102-1180,10005051102,-7.50781301473196E1,3.87097884510285E1,P,300,10,2,77,1,,1,1,6,26000,1,,24,1,10005051102-1180-1682,,
H,1,981968,300,3,10,59310,2,10005051102-1181,10005051102,-7.50772272496392E1,3.8710201635445E1,P,102,10,2,65,1,,0,1,6,35310,2,,120,1,10005051102-1181-1683,,
H,1,981968,300,3,10,59310,2,10005051102-1181,10005051102,-7.50772272496392E1,3.8710201635445E1,P,102,10,1,34,1,,2,1,1,24000,1,120,10,1,10005051102-1181-1684,,969219179
H,1,920542,300,3,10,69600,2,10005051102-1182,10005051102,-7.50780004250592E1,3.87103266360945E1,P,104,10,1,66,1,,0,1,6,60000,1,,42,1,10005051102-1182-1685,,
H,1,920542,300,3,10,69600,2,10005051102-1182,10005051102,-7.50780004250592E1,3.87103266360945E1,P,104,10,2,67,1,,1,1,6,9600,1,,42,1,10005051102-1182-1686,,
H,1,969562,300,3,10,60900,2,10005051102-1183,10005051102,-7.50773908097427E1,3.87101352448331E1,P,300,10,2,67,1,,0,1,6,40500,1,,34,1,10005051102-1183-1687,,
H,1,969562,300,3,10,60900,2,10005051102-1183,10005051102,-7.50773908097427E1,3.87101352448331E1,P,300,10,1,72,1,,5,1,6,20400,1,,34,1,10005051102-1183-1688,,
H,1,974076,300,3,10,86100,2,10005051102-1184,10005051102,-7.5078110621879E1,3.8710652537193E1,P,300,10,1,66,1,,0,1,6,67000,1,,42,1,10005051102-1184-1689,,
H,1,974076,300,3,10,86100,2,10005051102-1184,10005051102,-7.5078110621879E1,3.8710652537193E1,P,300,10,2,67,1,,1,1,1,19100,1,5400,24,1,10005051102-1184-1690,,966213027
H,1,796183,300,3,10,65950,2,10005051102-1185,10005051102,-7.50758059842645E1,3.8711571027826E1,P,300,10,2,73,1,,0,1,6,30050,1,,10,1,10005051102-1185-1691,,
H,1,796183,300,3,10,65950,2,10005051102-1185,10005051102,-7.50758059842645E1,3.8711571027826E1,P,300,10,1,74,1,,1,1,6,35900,1,,37,1,10005051102-1185-1692,,
H,1,626467,300,3,10,57200,2,10005051102-1186,10005051102,-7.50754846256406E1,3.8712197137876E1,P,102,10,2,72,1,,0,1,1,40400,1,5700,36,1,10005051102-1186-1693,,967474149
H,1,626467,300,3,10,57200,2,10005051102-1186,10005051102,-7.50754846256406E1,3.8712197137876E1,P,102,10,1,74,1,,1,1,6,16800,2,,119,1,10005051102-1186-1694,,
H,1,446980,300,3,10,61600,2,10005051102-1187,10005051102,-7.50762913722042E1,3.87118992073281E1,P,102,10,2,65,1,,0,1,6,29000,1,4230,10,1,10005051102-1187-1695,,
H,1,446980,300,3,10,61600,2,10005051102-1187,10005051102,-7.50762913722042E1,3.87118992073281E1,P,102,10,1,31,1,,2,1,1,32600,1,7200,10,1,10005051102-1187-1696,,966224214
H,1,360990,300,3,10,80000,2,10005051102-1188,10005051102,-7.50758683233377E1,3.8711933208188E1,P,103,10,1,66,1,,0,1,1,55000,1,1920,10,1,10005051102-1188-1697,,1704683
H,1,360990,300,3,10,80000,2,10005051102-1188,10005051102,-7.50758683233377E1,3.8711933208188E1,P,103,10,2,62,1,,1,1,1,25000,1,5700,10,1,10005051102-1188-1698,,8307217
H,1,1431357,300,3,10,85000,2,10005051102-1189,10005051102,-7.50757516368638E1,3.87113322071246E1,P,102,10,2,65,1,,0,1,1,43000,1,60,42,1,10005051102-1189-1699,,400853222
H,1,1431357,300,3,10,85000,2,10005051102-1189,10005051102,-7.50757516368638E1,3.87113322071246E1,P,102,10,1,56,1,,1,1,1,42000,1,1050,42,1,10005051102-1189-1700,,571958073
H,1,712489,300,3,10,72500,2,10005051102-1190,10005051102,-7.50759538945753E1,3.8711482482012E1,P,200,10,2,70,1,,0,1,6,14300,1,4400,36,1,10005051102-1190-1701,,
H,1,712489,300,3,10,72500,2,10005051102-1190,10005051102,-7.50759538945753E1,3.8711482482012E1,P,200,10,1,56,1,,1,1,1,58200,1,4620,34,1,10005051102-1190-1702,,816175335
H,1,1174713,300,3,10,68500,2,10005051102-1191,10005051102,-7.5075661865553E1,3.87115950205116E1,P,200,10,1,65,1,,0,1,1,38500,1,4760,34,1,10005051102-1191-1703,,493523831
H,1,1174713,300,3,10,68500,2,10005051102-1191,10005051102,-7.5075661865553E1,3.87115950205116E1,P,200,10,2,59,1,,1,1,6,30000,1,5000,50,1,10005051102-1191-1704,,
H,1,1451427,300,3,10,99750,2,10005051102-1192,10005051102,-7.507557744221E1,3.8711348531848E1,P,300,10,1,69,1,,0,1,1,90150,1,2200,24,1,10005051102-1192-1705,,121583538
H,1,1451427,300,3,10,99750,2,10005051102-1192,10005051102,-7.507557744221E1,3.8711348531848E1,P,300,10,2,64,1,,1,1,6,9600,2,,217,6,10005051102-1192-1706,,
H,1,999979,300,3,10,88400,2,10005051102-1193,10005051102,-7.5075754651848E1,3.8710771550367E1,P,300,10,2,71,1,,0,1,6,28500,1,2100,11,1,10005051102-1193-1707,,
H,1,999979,300,3,10,88400,2,10005051102-1193,10005051102,-7.5075754651848E1,3.8710771550367E1,P,300,10,1,76,1,,1,1,6,59900,1,,28,1,10005051102-1193-1708,,
H,1,999979,300,3,10,88400,2,10005051102-1194,10005051102,-7.5075574175913E1,3.87106002617033E1,P,300,10,2,71,1,,0,1,6,28500,1,2100,11,1,10005051102-1194-1709,,
H,1,999979,300,3,10,88400,2,10005051102-1194,10005051102,-7.5075574175913E1,3.87106002617033E1,P,300,10,1,76,1,,1,1,6,59900,1,,28,1,10005051102-1194-1710,,
H,1,431943,300,3,10,51100,2,10005051102-1195,10005051102,-7.50756038629973E1,3.87109097009812E1,P,102,10,1,70,1,,0,1,1,45500,1,6230,47,1,10005051102-1195-1711,,423032259
H,1,431943,300,3,10,51100,2,10005051102-1195,10005051102,-7.50756038629973E1,3.87109097009812E1,P,102,10,2,51,1,,1,1,1,5600,1,410,26,1,10005051102-1195-1712,,374755510
H,1,981968,300,3,10,59310,2,10005051102-1196,10005051102,-7.50754844111066E1,3.87105717209832E1,P,102,10,2,65,1,,0,1,6,35310,2,,120,1,10005051102-1196-1713,,
H,1,981968,300,3,10,59310,2,10005051102-1196,10005051102,-7.50754844111066E1,3.87105717209832E1,P,102,10,1,34,1,,2,1,1,24000,1,120,10,1,10005051102-1196-1714,,816371603
H,1,983977,300,3,10,75620,2,10005051102-1197,10005051102,-7.50774441359461E1,3.87100900079815E1,P,200,10,2,71,1,,0,1,6,14310,1,,24,1,10005051102-1197-1715,,
H,1,983977,300,3,10,75620,2,10005051102-1197,10005051102,-7.50774441359461E1,3.87100900079815E1,P,200,10,1,74,1,,1,1,6,61310,1,,51,1,10005051102-1197-1716,,
H,1,45461,300,3,10,60500,2,10005051102-1198,10005051102,-7.50764536049504E1,3.87103119275776E1,P,200,10,1,72,1,,0,1,6,56200,1,,34,1,10005051102-1198-1717,,
H,1,45461,300,3,10,60500,2,10005051102-1198,10005051102,-7.50764536049504E1,3.87103119275776E1,P,200,10,2,71,1,,1,1,6,4300,2,,110,1,10005051102-1198-1718,,
H,1,1208417,300,3,10,67800,2,10005051102-1199,10005051102,-7.5075522230596E1,3.87107772216968E1,P,300,10,1,72,1,,0,1,6,51100,1,2630,9,1,10005051102-1199-1719,,
H,1,1208417,300,3,10,67800,2,10005051102-1199,10005051102,-7.5075522230596E1,3.87107772216968E1,P,300,10,2,70,1,,1,1,6,16700,1,,9,1,10005051102-1199-1720,,
H,1,969562,300,3,10,60900,2,10005051102-1200,10005051102,-7.5076659737158E1,3.87106922288908E1,P,300,10,2,67,1,,0,1,6,40500,1,,34,1,10005051102-1200-1721,,
H,1,969562,300,3,10,60900,2,10005051102-1200,10005051102,-7.5076659737158E1,3.87106922288908E1,P,300,10,1,72,1,,5,1,6,20400,1,,34,1,10005051102-1200-1722,,
H,1,1111721,300,3,10,69480,2,10005051102-1201,10005051102,-7.50774239132582E1,3.87104068280758E1,P,104,10,1,72,1,,0,1,6,52750,1,,42,1,10005051102-1201-1723,,
H,1,1111721,300,3,10,69480,2,10005051102-1201,10005051102,-7.50774239132582E1,3.87104068280758E1,P,104,10,2,72,1,,1,1,1,16730,1,4760,42,1,10005051102-1201-1724,,472700830
H,1,967222,300,3,10,73000,2,10005051102-1202,10005051102,-7.50756571808888E1,3.87107900948453E1,P,102,10,1,74,1,,0,1,1,66000,1,5510,42,1,10005051102-1202-1725,,654911411
H,1,967222,300,3,10,73000,2,10005051102-1202,10005051102,-7.50756571808888E1,3.87107900948453E1,P,102,10,2,73,1,,1,1,6,7000,1,,42,1,10005051102-1202-1726,,
H,1,1451427,300,3,10,99750,2,10005051102-1203,10005051102,-7.5076545305001E1,3.87104706876884E1,P,300,10,1,69,1,,0,1,1,90150,1,2200,24,1,10005051102-1203-1727,,121583702
H,1,1451427,300,3,10,99750,2,10005051102-1203,10005051102,-7.5076545305001E1,3.87104706876884E1,P,300,10,2,64,1,,1,1,6,9600,2,,217,6,10005051102-1203-1728,,
H,1,568290,300,3,10,62600,2,10005051102-1204,10005051102,-7.50772631570954E1,3.87103071738816E1,P,101,10,1,68,1,,0,1,1,51600,1,2340,36,1,10005051102-1204-1729,,455367730
H,1,568290,300,3,10,62600,2,10005051102-1204,10005051102,-7.50772631570954E1,3.87103071738816E1,P,101,10,2,68,1,,1,1,6,11000,1,,24,1,10005051102-1204-1730,,
H,1,1360197,300,3,10,97700,2,10005051102-1205,10005051102,-7.50761719095644E1,3.8710333718306E1,P,300,10,2,65,1,,0,1,6,17700,1,5700,10,1,10005051102-1205-1731,,
H,1,1360197,300,3,10,97700,2,10005051102-1205,10005051102,-7.50761719095644E1,3.8710333718306E1,P,300,10,1,66,1,,1,1,1,80000,1,6230,36,1,10005051102-1205-1732,,455368183
H,1,78393,300,3,10,88908,2,10005051102-1206,10005051102,-7.50764563402544E1,3.87101343683184E1,P,104,10,2,66,1,,0,1,6,6004,1,,10,1,10005051102-1206-1733,,
H,1,78393,300,3,10,88908,2,10005051102-1206,10005051102,-7.50764563402544E1,3.87101343683184E1,P,104,10,1,69,1,,1,1,1,82904,1,2630,42,1,10005051102-1206-1734,,597336122
H,1,1111721,300,3,10,69480,2,10005051102-1207,10005051102,-7.50901959767022E1,3.87106362165693E1,P,104,10,1,72,1,,0,1,6,52750,1,,42,1,10005051102-1207-1735,,
H,1,1111721,300,3,10,69480,2,10005051102-1207,10005051102,-7.50901959767022E1,3.87106362165693E1,P,104,10,2,72,1,,1,1,1,16730,1,4760,42,1,10005051102-1207-1736,,423040971
H,1,348354,300,3,10,50800,2,10005051102-1208,10005051102,-7.50922815768733E1,3.87096385909902E1,P,300,10,2,66,1,,0,1,6,20800,2,,301,1,10005051102-1208-1737,,
H,1,348354,300,3,10,50800,2,10005051102-1208,10005051102,-7.50922815768733E1,3.87096385909902E1,P,300,10,1,70,1,,1,1,6,30000,1,,36,1,10005051102-1208-1738,,
H,1,1208417,300,3,10,67800,2,10005051102-1209,10005051102,-7.5091517855966E1,3.87105279378023E1,P,300,10,1,72,1,,0,1,6,51100,1,2630,9,1,10005051102-1209-1739,,
H,1,1208417,300,3,10,67800,2,10005051102-1209,10005051102,-7.5091517855966E1,3.87105279378023E1,P,300,10,2,70,1,,1,1,6,16700,1,,9,1,10005051102-1209-1740,,
H,1,1241573,300,3,10,80000,2,10005051102-1210,10005051102,-7.50909278016285E1,3.8711134067133E1,P,300,10,1,73,1,,0,1,6,72800,1,,24,1,10005051102-1210-1741,,
H,1,1241573,300,3,10,80000,2,10005051102-1210,10005051102,-7.50909278016285E1,3.8711134067133E1,P,300,10,2,72,1,,1,1,6,7200,1,,24,1,10005051102-1210-1742,,
H,1,1378003,300,3,10,56600,2,10005051102-1211,10005051102,-7.50903045929226E1,3.87110178541127E1,P,104,10,2,70,1,,0,1,6,20400,1,,10,1,10005051102-1211-1743,,
H,1,1378003,300,3,10,56600,2,10005051102-1211,10005051102,-7.50903045929226E1,3.87110178541127E1,P,104,10,1,71,1,,1,1,6,36200,1,2340,10,1,10005051102-1211-1744,,
H,1,835534,300,3,10,74500,2,10005051102-1212,10005051102,-7.50913947926712E1,3.8710260405353E1,P,300,10,1,65,1,,0,1,6,37800,1,,37,1,10005051102-1212-1745,,
H,1,835534,300,3,10,74500,2,10005051102-1212,10005051102,-7.50913947926712E1,3.8710260405353E1,P,300,10,2,64,1,,1,1,6,36700,1,,10,1,10005051102-1212-1746,,
H,1,1210121,300,3,10,61400,2,10005051102-1213,10005051102,-7.50913461883797E1,3.87106670384602E1,P,104,10,1,70,1,,0,1,6,59200,1,,34,1,10005051102-1213-1747,,
H,1,1210121,300,3,10,61400,2,10005051102-1213,10005051102,-7.50913461883797E1,3.87106670384602E1,P,104,10,2,65,1,,1,1,6,2200,1,,34,1,10005051102-1213-1748,,
H,1,245455,300,3,10,69000,2,10005051102-1214,10005051102,-7.50922234469218E1,3.87102165602E1,P,300,10,1,67,1,,0,1,6,45000,1,,42,1,10005051102-1214-1749,,
H,1,245455,300,3,10,69000,2,10005051102-1214,10005051102,-7.50922234469218E1,3.87102165602E1,P,300,10,2,65,1,,1,1,6,24000,1,,42,1,10005051102-1214-1750,,
H,1,1431357,300,3,10,85000,2,10005051102-1215,10005051102,-7.50912248295087E1,3.8710259029158E1,P,102,10,2,65,1,,0,1,1,43000,1,60,42,1,10005051102-1215-1751,,4578258
H,1,1431357,300,3,10,85000,2,10005051102-1215,10005051102,-7.50912248295087E1,3.8710259029158E1,P,102,10,1,56,1,,1,1,1,42000,1,1050,42,1,10005051102-1215-1752,,987663267
H,1,1199250,300,3,10,63500,2,10005051102-1216,10005051102,-7.50907420957557E1,3.87105642255684E1,P,103,10,1,69,1,,0,1,3,27000,1,2340,42,1,10005051102-1216-1753,,
H,1,1199250,300,3,10,63500,2,10005051102-1216,10005051102,-7.50907420957557E1,3.87105642255684E1,P,103,10,2,67,1,,1,1,1,36500,1,2300,8,1,10005051102-1216-1754,,816368500
H,1,1241573,300,3,10,80000,2,10005051102-1217,10005051102,-7.50915409199375E1,3.87105420949956E1,P,300,10,1,73,1,,0,1,6,72800,1,,24,1,10005051102-1217-1755,,
H,1,1241573,300,3,10,80000,2,10005051102-1217,10005051102,-7.50915409199375E1,3.87105420949956E1,P,300,10,2,72,1,,1,1,6,7200,1,,24,1,10005051102-1217-1756,,
H,1,421641,300,3,10,82520,2,10005051102-1218,10005051102,-7.50909526812238E1,3.87103868912518E1,P,300,10,1,74,1,,0,1,6,56800,1,,42,1,10005051102-1218-1757,,
H,1,421641,300,3,10,82520,2,10005051102-1218,10005051102,-7.50909526812238E1,3.87103868912518E1,P,300,10,2,64,1,,1,1,6,25720,1,,11,1,10005051102-1218-1758,,
H,1,1208417,300,3,10,67800,2,10005051102-1219,10005051102,-7.50902023585933E1,3.8710710462101E1,P,300,10,1,72,1,,0,1,6,51100,1,2630,9,1,10005051102-1219-1759,,
H,1,1208417,300,3,10,67800,2,10005051102-1219,10005051102,-7.50902023585933E1,3.8710710462101E1,P,300,10,2,70,1,,1,1,6,16700,1,,9,1,10005051102-1219-1760,,
H,1,1439451,300,3,10,83000,2,10005051102-1220,10005051102,-7.5090174859936E1,3.87107287999718E1,P,300,10,1,67,1,,0,1,1,57000,1,3940,24,1,10005051102-1220-1761,,452187800
H,1,1439451,300,3,10,83000,2,10005051102-1220,10005051102,-7.5090174859936E1,3.87107287999718E1,P,300,10,2,77,1,,1,1,6,26000,1,,24,1,10005051102-1220-1762,,
H,1,446980,300,3,10,61600,2,10005051102-1221,10005051102,-7.5091219744945E1,3.87103380349021E1,P,102,10,2,65,1,,0,1,6,29000,1,4230,10,1,10005051102-1221-1763,,
H,1,446980,300,3,10,61600,2,10005051102-1221,10005051102,-7.5091219744945E1,3.87103380349021E1,P,102,10,1,31,1,,2,1,1,32600,1,7200,10,1,10005051102-1221-1764,,121583538
H,1,408268,300,3,10,53700,2,10005051102-1222,10005051102,-7.50910777287568E1,3.87106980912687E1,P,104,10,1,65,1,,0,1,6,17700,1,1410,42,1,10005051102-1222-1765,,
H,1,408268,300,3,10,53700,2,10005051102-1222,10005051102,-7.50910777287568E1,3.87106980912687E1,P,104,10,2,61,1,,1,1,1,36000,1,2630,10,1,10005051102-1222-1766,,597617893
H,1,276761,300,3,10,70300,2,10005051102-1223,10005051102,-7.5084527267203E1,3.8709563121851E1,P,200,10,1,72,1,,0,1,6,70300,1,,24,1,10005051102-1223-1767,,
H,1,276761,300,3,10,70300,2,10005051102-1223,10005051102,-7.5084527267203E1,3.8709563121851E1,P,200,10,2,70,1,,1,1,6,0,1,,24,1,10005051102-1223-1768,,
H,1,57502,300,3,10,51400,2,10005051102-1224,10005051102,-7.50845551800057E1,3.87103217439153E1,P,300,10,2,68,1,,0,1,6,27100,1,,10,1,10005051102-1224-1769,,
H,1,57502,300,3,10,51400,2,10005051102-1224,10005051102,-7.50845551800057E1,3.87103217439153E1,P,300,10,1,70,1,,1,1,6,24300,1,,10,1,10005051102-1224-1770,,
H,1,269603,300,3,10,64700,2,10005051102-1225,10005051102,-7.50841640318958E1,3.87102048053241E1,P,300,10,1,72,1,,0,1,1,39800,1,2040,10,1,10005051102-1225-1771,,9145244
H,1,269603,300,3,10,64700,2,10005051102-1225,10005051102,-7.50841640318958E1,3.87102048053241E1,P,300,10,1,48,1,,15,1,1,24900,1,2040,42,1,10005051102-1225-1772,,455353581
H,1,1199250,300,3,10,63500,2,10005051102-1226,10005051102,-7.50844621225251E1,3.87094204151685E1,P,103,10,1,69,1,,0,1,3,27000,1,2340,42,1,10005051102-1226-1773,,
H,1,1199250,300,3,10,63500,2,10005051102-1226,10005051102,-7.50844621225251E1,3.87094204151685E1,P,103,10,2,67,1,,1,1,1,36500,1,2300,8,1,10005051102-1226-1774,,652451147
H,1,411289,300,3,10,62600,2,10005051102-1227,10005051102,-7.50846038042708E1,3.87103352977922E1,P,300,10,1,68,1,,0,1,6,52600,1,,42,1,10005051102-1227-1775,,
H,1,411289,300,3,10,62600,2,10005051102-1227,10005051102,-7.50846038042708E1,3.87103352977922E1,P,300,10,2,71,1,,1,1,6,10000,1,,42,1,10005051102-1227-1776,,
H,1,1410847,300,3,10,53300,2,10005051102-1228,10005051102,-7.50844252285966E1,3.87100431852056E1,P,103,10,1,66,1,,0,1,1,44900,1,5160,10,1,10005051102-1228-1777,,455353342
H,1,1410847,300,3,10,53300,2,10005051102-1228,10005051102,-7.50844252285966E1,3.87100431852056E1,P,103,10,2,63,1,,1,1,6,8400,1,,10,1,10005051102-1228-1778,,
H,1,89400,300,3,10,94800,2,10005051102-1229,10005051102,-7.50844337820193E1,3.87094731193998E1,P,300,10,2,72,1,,0,1,6,35700,1,,36,1,10005051102-1229-1779,,
H,1,89400,300,3,10,94800,2,10005051102-1229,10005051102,-7.50844337820193E1,3.87094731193998E1,P,300,10,1,73,1,,1,1,6,59100,1,,34,1,10005051102-1229-1780,,
H,1,348354,300,3,10,50800,2,10005051102-1230,10005051102,-7.50845672190265E1,3.8709621427123E1,P,300,10,2,66,1,,0,1,6,20800,2,,301,1,10005051102-1230-1781,,
H,1,348354,300,3,10,50800,2,10005051102-1230,10005051102,-7.50845672190265E1,3.8709621427123E1,P,300,10,1,70,1,,1,1,6,30000,1,,36,1,10005051102-1230-1782,,
H,1,591025,300,3,10,55000,2,10005051102-1231,10005051102,-7.50844812551482E1,3.87109108621306E1,P,103,10,2,69,1,,0,1,6,23000,1,,42,1,10005051102-1231-1783,,
H,1,591025,300,3,10,55000,2,10005051102-1231,10005051102,-7.50844812551482E1,3.87109108621306E1,P,103,10,1,49,1,,2,1,1,32000,1,5400,42,1,10005051102-1231-1784,,5295001
H,1,239619,300,3,10,68070,2,10005051102-1232,10005051102,-7.50848093262763E1,3.87121629730264E1,P,200,10,1,71,1,,0,1,6,22900,1,,42,1,10005051102-1232-1785,,
H,1,239619,300,3,10,68070,2,10005051102-1232,10005051102,-7.50848093262763E1,3.87121629730264E1,P,200,10,2,66,1,,1,1,6,45170,1,,10,1,10005051102-1232-1786,,
H,1,446980,300,3,10,61600,2,10005051102-1233,10005051102,-7.50846516792287E1,3.87110130530913E1,P,102,10,2,65,1,,0,1,6,29000,1,4230,10,1,10005051102-1233-1787,,
H,1,446980,300,3,10,61600,2,10005051102-1233,10005051102,-7.50846516792287E1,3.87110130530913E1,P,102,10,1,31,1,,2,1,1,32600,1,7200,10,1,10005051102-1233-1788,,1704683
H,1,1233832,300,3,10,62570,2,10005051102-1234,10005051102,-7.5084490315237E1,3.87106365550353E1,P,300,10,1,66,1,,0,1,6,59000,1,,34,1,10005051102-1234-1789,,
H,1,1233832,300,3,10,62570,2,10005051102-1234,10005051102,-7.5084490315237E1,3.87106365550353E1,P,300,10,2,65,1,,1,1,6,3570,1,,36,1,10005051102-1234-1790,,
H,1,969562,300,3,10,60900,2,10005051102-1235,10005051102,-7.5084271581144E1,3.87107621883217E1,P,300,10,2,67,1,,0,1,6,40500,1,,34,1,10005051102-1235-1791,,
H,1,969562,300,3,10,60900,2,10005051102-1235,10005051102,-7.5084271581144E1,3.87107621883217E1,P,300,10,1,72,1,,5,1,6,20400,1,,34,1,10005051102-1235-1792,,
H,1,348354,300,3,10,50800,2,10005051102-1236,10005051102,-7.50848450355936E1,3.87104711863276E1,P,300,10,2,66,1,,0,1,6,20800,2,,301,1,10005051102-1236-1793,,
H,1,348354,300,3,10,50800,2,10005051102-1236,10005051102,-7.50848450355936E1,3.87104711863276E1,P,300,10,1,70,1,,1,1,6,30000,1,,36,1,10005051102-1236-1794,,
H,1,568290,300,3,10,62600,2,10005051102-1237,10005051102,-7.50842810761728E1,3.87113392466205E1,P,101,10,1,68,1,,0,1,1,51600,1,2340,36,1,10005051102-1237-1795,,545158602
H,1,568290,300,3,10,62600,2,10005051102-1237,10005051102,-7.50842810761728E1,3.87113392466205E1,P,101,10,2,68,1,,1,1,6,11000,1,,24,1,10005051102-1237-1796,,
H,1,1265036,300,3,10,70000,2,10005051102-1238,10005051102,-7.50844132925722E1,3.87116773069354E1,P,300,10,1,68,1,,0,1,1,55000,1,4220,10,1,10005051102-1238-1797,,379531171
H,1,1265036,300,3,10,70000,2,10005051102-1238,10005051102,-7.50844132925722E1,3.87116773069354E1,P,300,10,2,59,1,,1,1,1,15000,1,5620,42,1,10005051102-1238-1798,,909457194
H,1,981968,300,3,10,59310,2,10005051102-1239,10005051102,-7.50842184097554E1,3.8710666357163E1,P,102,10,2,65,1,,0,1,6,35310,2,,120,1,10005051102-1239-1799,,
H,1,981968,300,3,10,59310,2,10005051102-1239,10005051102,-7.50842184097554E1,3.8710666357163E1,P,102,10,1,34,1,,2,1,1,24000,1,120,10,1,10005051102-1239-1800,,816323208
H,1,920542,300,3,10,69600,2,10005051102-1240,10005051102,-7.50781342500123E1,3.87080372393446E1,P,104,10,1,66,1,,0,1,6,60000,1,,42,1,10005051102-1240-1801,,
H,1,920542,300,3,10,69600,2,10005051102-1240,10005051102,-7.50781342500123E1,3.87080372393446E1,P,104,10,2,67,1,,1,1,6,9600,1,,42,1,10005051102-1240-1802,,
H,1,1299459,300,3,10,56000,2,10005051102-1241,10005051102,-7.5077739289424E1,3.87088215297258E1,P,300,10,2,66,1,,0,1,6,34000,1,,24,1,10005051102-1241-1803,,
H,1,1299459,300,3,10,56000,2,10005051102-1241,10005051102,-7.5077739289424E1,3.87088215297258E1,P,300,10,1,71,1,,1,1,6,22000,1,4850,44,1,10005051102-1241-1804,,
H,1,411289,300,3,10,62600,2,10005051102-1242,10005051102,-7.50779875574506E1,3.87088166066325E1,P,300,10,1,68,1,,0,1,6,52600,1,,42,1,10005051102-1242-1805,,
H,1,411289,300,3,10,62600,2,10005051102-1242,10005051102,-7.50779875574506E1,3.87088166066325E1,P,300,10,2,71,1,,1,1,6,10000,1,,42,1,10005051102-1242-1806,,
H,1,281224,300,3,10,75000,2,10005051102-1243,10005051102,-7.50775393862255E1,3.87082084538944E1,P,300,10,1,65,1,,0,1,6,23000,1,20,42,1,10005051102-1243-1807,,
H,1,281224,300,3,10,75000,2,10005051102-1243,10005051102,-7.50775393862255E1,3.87082084538944E1,P,300,10,2,60,1,,1,1,1,52000,1,630,54,1,10005051102-1243-1808,,846204
H,1,1110082,300,3,10,75400,2,10005051102-1244,10005051102,-7.50778194567998E1,3.87093162008343E1,P,300,10,1,69,1,,0,1,6,64000,1,2050,24,1,10005051102-1244-1809,,
H,1,1110082,300,3,10,75400,2,10005051102-1244,10005051102,-7.50778194567998E1,3.87093162008343E1,P,300,10,2,68,1,,1,1,6,11400,1,,24,1,10005051102-1244-1810,,
H,1,568290,300,3,10,62600,2,10005051102-1245,10005051102,-7.50779650954807E1,3.87089609841921E1,P,101,10,1,68,1,,0,1,1,51600,1,2340,36,1,10005051102-1245-1811,,1754241
H,1,568290,300,3,10,62600,2,10005051102-1245,10005051102,-7.50779650954807E1,3.87089609841921E1,P,101,10,2,68,1,,1,1,6,11000,1,,24,1,10005051102-1245-1812,,
H,1,621296,300,3,10,65300,2,10005051102-1246,10005051102,-7.50776750435557E1,3.87090657769523E1,P,102,10,2,70,1,,0,1,1,50100,1,3255,42,1,10005051102-1246-1813,,455354589
H,1,621296,300,3,10,65300,2,10005051102-1246,10005051102,-7.50776750435557E1,3.87090657769523E1,P,102,10,1,68,1,,1,1,1,15200,1,2200,6,1,10005051102-1246-1814,,545158602
H,1,408268,300,3,10,53700,2,10005051102-1247,10005051102,-7.50776474233516E1,3.87091371465463E1,P,104,10,1,65,1,,0,1,6,17700,1,1410,42,1,10005051102-1247-1815,,
H,1,408268,300,3,10,53700,2,10005051102-1247,10005051102,-7.50776474233516E1,3.87091371465463E1,P,104,10,2,61,1,,1,1,1,36000,1,2630,10,1,10005051102-1247-1816,,228309233
H,1,471366,300,3,10,60600,2,10005051102-1248,10005051102,-7.50780953487846E1,3.87099470194732E1,P,300,10,1,66,1,,0,1,6,32200,2,,128,1,10005051102-1248-1817,,
H,1,471366,300,3,10,60600,2,10005051102-1248,10005051102,-7.50780953487846E1,3.87099470194732E1,P,300,10,2,54,1,,1,1,1,28400,1,4230,10,1,10005051102-1248-1818,,816258602
H,1,1455812,300,3,10,91600,2,10005051102-1249,10005051102,-7.50779460273603E1,3.8709835430363E1,P,300,10,1,68,1,,0,1,6,66300,1,,11,1,10005051102-1249-1819,,
H,1,1455812,300,3,10,91600,2,10005051102-1249,10005051102,-7.50779460273603E1,3.8709835430363E1,P,300,10,2,64,1,,1,1,6,25300,1,20,25,1,10005051102-1249-1820,,
H,1,705184,300,3,10,79600,2,10005051102-1250,10005051102,-7.5077915236514E1,3.87094762330143E1,P,300,10,1,73,1,,0,1,6,50000,1,,24,1,10005051102-1250-1821,,
H,1,705184,300,3,10,79600,2,10005051102-1250,10005051102,-7.5077915236514E1,3.87094762330143E1,P,300,10,2,70,1,,1,1,6,29600,1,,24,1,10005051102-1250-1822,,
H,1,1455812,300,3,10,91600,2,10005051102-1251,10005051102,-7.50781236276953E1,3.87100682476693E1,P,300,10,1,68,1,,0,1,6,66300,1,,11,1,10005051102-1251-1823,,
H,1,1455812,300,3,10,91600,2,10005051102-1251,10005051102,-7.50781236276953E1,3.87100682476693E1,P,300,10,2,64,1,,1,1,6,25300,1,20,25,1,10005051102-1251-1824,,
H,1,1360197,300,3,10,97700,2,10005051102-1252,10005051102,-7.50783781122683E1,3.8710757665793E1,P,300,10,2,65,1,,0,1,6,17700,1,5700,10,1,10005051102-1252-1825,,
H,1,1360197,300,3,10,97700,2,10005051102-1252,10005051102,-7.50783781122683E1,3.8710757665793E1,P,300,10,1,66,1,,1,1,1,80000,1,6230,36,1,10005051102-1252-1826,,1165745
H,1,1381863,300,3,10,78900,2,10005051102-1253,10005051102,-7.50778108013733E1,3.87110942615728E1,P,102,10,1,71,1,,0,1,6,51900,1,,10,1,10005051102-1253-1827,,
H,1,1381863,300,3,10,78900,2,10005051102-1253,10005051102,-7.50778108013733E1,3.87110942615728E1,P,102,10,2,70,1,,1,1,6,27000,1,,42,1,10005051102-1253-1828,,
H,1,1315359,300,3,10,72100,2,10005051102-1254,10005051102,-7.50781041014424E1,3.87107326044498E1,P,300,10,1,66,1,,0,1,6,62000,1,,25,1,10005051102-1254-1829,,
H,1,1315359,300,3,10,72100,2,10005051102-1254,10005051102,-7.50781041014424E1,3.87107326044498E1,P,300,10,2,65,1,,1,1,6,10100,1,,25,1,10005051102-1254-1830,,
H,1,322039,300,3,10,53000,2,10005051102-1255,10005051102,-7.50779606436878E1,3.87104766790823E1,P,300,10,2,70,1,,0,1,6,53000,1,,42,1,10005051102-1255-1831,,
H,1,322039,300,3,10,53000,2,10005051102-1255,10005051102,-7.50779606436878E1,3.87104766790823E1,P,300,10,1,79,1,,1,1,6,0,1,,42,1,10005051102-1255-1832,,
H,1,835534,300,3,10,74500,2,10005051102-1256,10005051102,-7.5077878479907E1,3.87112463223076E1,P,300,10,1,65,1,,0,1,6,37800,1,,37,1,10005051102-1256-1833,,
H,1,835534,300,3,10,74500,2,10005051102-1256,10005051102,-7.5077878479907E1,3.87112463223076E1,P,300,10,2,64,1,,1,1,6,36700,1,,10,1,10005051102-1256-1834,,
H,1,893871,300,3,10,75250,2,10005051102-1257,10005051102,-7.5078321097894E1,3.87114749200128E1,P,300,10,1,70,1,,0,1,6,54430,1,,36,1,10005051102-1257-1835,,
H,1,893871,300,3,10,75250,2,10005051102-1257,10005051102,-7.5078321097894E1,3.87114749200128E1,P,300,10,2,75,1,,1,1,6,20820,1,,36,1,10005051102-1257-1836,,
H,1,1199250,300,3,10,63500,2,10005051102-1258,10005051102,-7.50779418350288E1,3.8711149336081E1,P,103,10,1,69,1,,0,1,3,27000,1,2340,42,1,10005051102-1258-1837,,
H,1,1199250,300,3,10,63500,2,10005051102-1258,10005051102,-7.50779418350288E1,3.8711149336081E1,P,103,10,2,67,1,,1,1,1,36500,1,2300,8,1,10005051102-1258-1838,,816368500
H,1,39732,300,3,10,64200,2,10005051102-1259,10005051102,-7.50780148250523E1,3.87113285214361E1,P,300,10,1,66,1,,0,1,6,58200,1,,29,1,10005051102-1259-1839,,
H,1,39732,300,3,10,64200,2,10005051102-1259,10005051102,-7.50780148250523E1,3.87113285214361E1,P,300,10,2,66,1,,1,1,6,6000,2,,110,1,10005051102-1259-1840,,
H,1,1290011,300,3,10,50700,2,10005051102-1260,10005051102,-7.50779066166901E1,3.87124359650625E1,P,200,10,2,70,1,,0,1,6,7900,1,3500,42,1,10005051102-1260-1841,,
H,1,1290011,300,3,10,50700,2,10005051102-1260,10005051102,-7.50779066166901E1,3.87124359650625E1,P,200,10,1,68,1,,1,1,3,42800,1,9120,34,1,10005051102-1260-1842,,
H,1,1174713,300,3,10,68500,2,10005051102-1261,10005051102,-7.5078102318211E1,3.8711887502997E1,P,200,10,1,65,1,,0,1,1,38500,1,4760,34,1,10005051102-1261-1843,,571957836
H,1,1174713,300,3,10,68500,2,10005051102-1261,10005051102,-7.5078102318211E1,3.8711887502997E1,P,200,10,2,59,1,,1,1,6,30000,1,5000,50,1,10005051102-1261-1844,,
H,1,1457843,300,3,10,78700,2,10005051102-1262,10005051102,-7.5077968593946E1,3.8711940556136E1,P,300,10,2,65,1,,0,1,6,42300,1,,11,1,10005051102-1262-1845,,
H,1,1457843,300,3,10,78700,2,10005051102-1262,10005051102,-7.5077968593946E1,3.8711940556136E1,P,300,10,1,67,1,,1,1,6,36400,1,6440,11,1,10005051102-1262-1846,,
H,1,621296,300,3,10,65300,2,10005051102-1263,10005051102,-7.50781872903441E1,3.87119784469775E1,P,102,10,2,70,1,,0,1,1,50100,1,3255,42,1,10005051102-1263-1847,,315002568
H,1,621296,300,3,10,65300,2,10005051102-1263,10005051102,-7.50781872903441E1,3.87119784469775E1,P,102,10,1,68,1,,1,1,1,15200,1,2200,6,1,10005051102-1263-1848,,541550547
H,1,45461,300,3,10,60500,2,10005051102-1264,10005051102,-7.50782955511391E1,3.87125787580435E1,P,200,10,1,72,1,,0,1,6,56200,1,,34,1,10005051102-1264-1849,,
H,1,45461,300,3,10,60500,2,10005051102-1264,10005051102,-7.50782955511391E1,3.87125787580435E1,P,200,10,2,71,1,,1,1,6,4300,2,,110,1,10005051102-1264-1850,,
H,1,626467,300,3,10,57200,2,10005051102-1265,10005051102,-7.50782224713378E1,3.87128796668524E1,P,102,10,2,72,1,,0,1,1,40400,1,5700,36,1,10005051102-1265-1851,,933685885
H,1,626467,300,3,10,57200,2,10005051102-1265,10005051102,-7.50782224713378E1,3.87128796668524E1,P,102,10,1,74,1,,1,1,6,16800,2,,119,1,10005051102-1265-1852,,
H,1,1299459,300,3,10,56000,2,10005051102-1266,10005051102,-7.5078238615626E1,3.8712902322224E1,P,300,10,2,66,1,,0,1,6,34000,1,,24,1,10005051102-1266-1853,,
H,1,1299459,300,3,10,56000,2,10005051102-1266,10005051102,-7.5078238615626E1,3.8712902322224E1,P,300,10,1,71,1,,1,1,6,22000,1,4850,44,1,10005051102-1266-1854,,
H,1,1038113,300,3,10,87000,2,10005051102-1267,10005051102,-7.50781212831707E1,3.87125752020923E1,P,300,10,2,69,1,,0,1,1,73000,1,3030,24,1,10005051102-1267-1855,,652454190
H,1,1038113,300,3,10,87000,2,10005051102-1267,10005051102,-7.50781212831707E1,3.87125752020923E1,P,300,10,2,47,1,,2,1,6,14000,1,,24,9,10005051102-1267-1856,,
H,1,553057,300,3,10,54700,2,10005051102-1268,10005051102,-7.50779646626023E1,3.87126920373258E1,P,200,10,1,66,1,,0,1,6,45600,1,2160,42,1,10005051102-1268-1857,,
H,1,553057,300,3,10,54700,2,10005051102-1268,10005051102,-7.50779646626023E1,3.87126920373258E1,P,200,10,2,66,1,,1,1,6,9100,1,,42,1,10005051102-1268-1858,,
H,1,162616,300,3,10,55400,2,10005051102-1269,10005051102,-7.50785799884706E1,3.8713345025859E1,P,300,10,2,78,1,,0,1,6,13400,1,,10,1,10005051102-1269-1859,,
H,1,162616,300,3,10,55400,2,10005051102-1269,10005051102,-7.50785799884706E1,3.8713345025859E1,P,300,10,1,43,1,,2,1,1,42000,1,2860,24,1,10005051102-1269-1860,,455365403
H,1,166969,300,3,10,71400,2,10005051102-1270,10005051102,-7.50788930817392E1,3.87136919177254E1,P,300,10,2,76,1,,0,1,6,8400,1,,11,1,10005051102-1270-1861,,
H,1,166969,300,3,10,71400,2,10005051102-1270,10005051102,-7.50788930817392E1,3.87136919177254E1,P,300,10,1,69,1,,1,3,6,63000,1,,72,1,10005051102-1270-1862,,
H,1,395142,300,3,10,92500,2,10005051102-1271,10005051102,-7.50783328518332E1,3.87132324465596E1,P,102,10,1,83,1,,0,1,6,61500,1,,42,1,10005051102-1271-1863,,
H,1,395142,300,3,10,92500,2,10005051102-1271,10005051102,-7.50783328518332E1,3.87132324465596E1,P,102,10,2,83,1,,1,1,6,31000,1,,42,1,10005051102-1271-1864,,
H,1,249231,300,3,10,68000,2,10005051102-1272,10005051102,-7.50811764988481E1,3.8708163791854E1,P,300,10,2,78,1,,0,1,6,20100,1,,42,1,10005051102-1272-1865,,
H,1,249231,300,3,10,68000,2,10005051102-1272,10005051102,-7.50811764988481E1,3.8708163791854E1,P,300,10,1,78,1,,1,1,6,47900,1,,34,1,10005051102-1272-1866,,
H,1,1157006,300,3,10,53000,2,10005051102-1273,10005051102,-7.50810982938466E1,3.87083926761205E1,P,300,10,2,76,1,,0,1,6,16900,1,,10,1,10005051102-1273-1867,,
H,1,1157006,300,3,10,53000,2,10005051102-1273,10005051102,-7.50810982938466E1,3.87083926761205E1,P,300,10,1,79,1,,1,1,6,36100,1,1550,10,1,10005051102-1273-1868,,
H,1,564777,300,3,10,67500,2,10005051102-1274,10005051102,-7.50813365756888E1,3.87084048680213E1,P,300,10,1,77,1,,0,1,6,49500,1,4250,34,1,10005051102-1274-1869,,
H,1,564777,300,3,10,67500,2,10005051102-1274,10005051102,-7.50813365756888E1,3.87084048680213E1,P,300,10,2,80,1,,13,1,6,18000,1,,34,1,10005051102-1274-1870,,
H,1,63647,300,3,10,70600,2,10005051102-1275,10005051102,-7.50806019926837E1,3.87087155917848E1,P,300,10,1,76,1,,0,1,6,35700,1,,10,1,10005051102-1275-1871,,
H,1,63647,300,3,10,70600,2,10005051102-1275,10005051102,-7.50806019926837E1,3.87087155917848E1,P,300,10,2,73,1,,1,1,6,34900,1,,36,1,10005051102-1275-1872,,
H,1,1200726,300,3,10,81760,2,10005051102-1276,10005051102,-7.50809543397218E1,3.87091050246285E1,P,101,10,1,79,1,,0,1,6,49600,1,,54,1,10005051102-1276-1873,,
H,1,1200726,300,3,10,81760,2,10005051102-1276,10005051102,-7.50809543397218E1,3.87091050246285E1,P,101,10,2,75,1,,1,1,1,32160,1,2540,51,1,10005051102-1276-1874,,597617893
H,1,1157006,300,3,10,53000,2,10005051102-1277,10005051102,-7.5081144085781E1,3.87089865593061E1,P,300,10,2,76,1,,0,1,6,16900,1,,10,1,10005051102-1277-1875,,
H,1,1157006,300,3,10,53000,2,10005051102-1277,10005051102,-7.5081144085781E1,3.87089865593061E1,P,300,10,1,79,1,,1,1,6,36100,1,1550,10,1,10005051102-1277-1876,,
H,1,432544,300,3,10,59660,2,10005051102-1278,10005051102,-7.50812252936626E1,3.87093766799114E1,P,103,10,1,80,1,,0,1,6,44200,1,,10,1,10005051102-1278-1877,,
H,1,432544,300,3,10,59660,2,10005051102-1278,10005051102,-7.50812252936626E1,3.87093766799114E1,P,103,10,2,77,1,,1,1,6,15460,1,,36,1,10005051102-1278-1878,,
H,1,1297058,300,3,10,74400,2,10005051102-1279,10005051102,-7.50807120005092E1,3.87100536121643E1,P,300,10,1,76,1,,0,1,6,16100,1,,54,1,10005051102-1279-1879,,
H,1,1297058,300,3,10,74400,2,10005051102-1279,10005051102,-7.50807120005092E1,3.87100536121643E1,P,300,10,2,73,1,,1,1,6,58300,1,,42,1,10005051102-1279-1880,,
H,1,1443910,300,3,10,72600,2,10005051102-1280,10005051102,-7.5081193757564E1,3.87091153603501E1,P,300,10,1,75,1,,0,1,6,23200,1,,55,1,10005051102-1280-1881,,
H,1,1443910,300,3,10,72600,2,10005051102-1280,10005051102,-7.5081193757564E1,3.87091153603501E1,P,300,10,2,72,1,,1,1,1,49400,1,3255,10,1,10005051102-1280-1882,,816261812
H,1,626576,300,3,10,78400,2,10005051102-1281,10005051102,-7.50810479959017E1,3.8709552365715E1,P,102,10,1,77,1,,0,1,6,56000,1,,9,1,10005051102-1281-1883,,
H,1,626576,300,3,10,78400,2,10005051102-1281,10005051102,-7.50810479959017E1,3.8709552365715E1,P,102,10,2,68,1,,1,3,6,22400,1,,72,1,10005051102-1281-1884,,
H,1,990467,300,3,10,54500,2,10005051102-1282,10005051102,-7.50812749441834E1,3.87096448434175E1,P,102,10,1,82,1,,0,1,6,45800,1,,37,1,10005051102-1282-1885,,
H,1,990467,300,3,10,54500,2,10005051102-1282,10005051102,-7.50812749441834E1,3.87096448434175E1,P,102,10,2,80,1,,1,1,6,8700,1,,37,1,10005051102-1282-1886,,
H,1,1074730,300,3,10,63300,2,10005051102-1283,10005051102,-7.50813126905171E1,3.8710310004397E1,P,200,10,1,78,1,,0,1,6,45300,1,4200,10,1,10005051102-1283-1887,,
H,1,1074730,300,3,10,63300,2,10005051102-1283,10005051102,-7.50813126905171E1,3.8710310004397E1,P,200,10,2,74,1,,1,1,6,18000,1,,25,1,10005051102-1283-1888,,
H,1,1297058,300,3,10,74400,2,10005051102-1284,10005051102,-7.50808873935085E1,3.871030028346E1,P,300,10,1,76,1,,0,1,6,16100,1,,54,1,10005051102-1284-1889,,
H,1,1297058,300,3,10,74400,2,10005051102-1284,10005051102,-7.50808873935085E1,3.871030028346E1,P,300,10,2,73,1,,1,1,6,58300,1,,42,1,10005051102-1284-1890,,
H,1,1282550,300,3,10,74100,2,10005051102-1285,10005051102,-7.50809936366522E1,3.87101173122242E1,P,104,10,2,77,1,,0,1,6,74100,1,5700,42,1,10005051102-1285-1891,,
H,1,1282550,300,3,10,74100,2,10005051102-1285,10005051102,-7.50809936366522E1,3.87101173122242E1,P,104,10,1,78,1,,1,1,6,0,1,8130,10,1,10005051102-1285-1892,,
H,1,570263,300,3,10,80000,2,10005051102-1286,10005051102,-7.50811030863774E1,3.8710391921516E1,P,300,10,1,77,1,,0,1,6,40000,1,,55,1,10005051102-1286-1893,,
H,1,570263,300,3,10,80000,2,10005051102-1286,10005051102,-7.50811030863774E1,3.8710391921516E1,P,300,10,2,76,1,,1,1,6,40000,1,,25,1,10005051102-1286-1894,,
H,1,1369435,300,3,10,55300,2,10005051102-1287,10005051102,-7.50812352420975E1,3.87108058726375E1,P,300,10,2,76,1,,0,1,6,25400,1,,24,1,10005051102-1287-1895,,
H,1,1369435,300,3,10,55300,2,10005051102-1287,10005051102,-7.50812352420975E1,3.87108058726375E1,P,300,10,1,84,1,,1,1,6,29900,1,,18,1,10005051102-1287-1896,,
H,1,452540,300,3,10,86400,2,10005051102-1288,10005051102,-7.50809646259192E1,3.8710729843067E1,P,102,10,1,79,1,,0,1,6,61300,1,,17,1,10005051102-1288-1897,,
H,1,452540,300,3,10,86400,2,10005051102-1288,10005051102,-7.50809646259192E1,3.8710729843067E1,P,102,10,2,76,1,,1,1,6,25100,1,,19,1,10005051102-1288-1898,,
H,1,1208636,300,3,10,54050,2,10005051102-1289,10005051102,-7.50813517862382E1,3.87106869035087E1,P,300,10,2,75,1,,0,1,6,22900,1,,10,1,10005051102-1289-1899,,
H,1,1208636,300,3,10,54050,2,10005051102-1289,10005051102,-7.50813517862382E1,3.87106869035087E1,P,300,10,1,78,1,,1,1,6,31150,1,,10,1,10005051102-1289-1900,,
H,1,473262,300,3,10,56750,2,10005051102-1290,10005051102,-7.50815496918563E1,3.87126162135703E1,P,104,10,2,84,1,,0,1,6,34520,1,,42,1,10005051102-1290-1901,,
H,1,473262,300,3,10,56750,2,10005051102-1290,10005051102,-7.50815496918563E1,3.87126162135703E1,P,104,10,1,89,1,,1,1,6,22230,1,,42,1,10005051102-1290-1902,,
H,1,954304,300,3,10,54900,2,10005051102-1291,10005051102,-7.5081503785459E1,3.87127114616856E1,P,200,10,1,78,1,,0,1,6,42400,1,,42,1,10005051102-1291-1903,,
H,1,954304,300,3,10,54900,2,10005051102-1291,10005051102,-7.5081503785459E1,3.87127114616856E1,P,200,10,2,73,1,,1,1,6,12500,1,,42,1,10005051102-1291-1904,,
H,1,1232809,300,3,10,65500,2,10005051102-1292,10005051102,-7.50817271676393E1,3.87128020877928E1,P,200,10,1,80,1,,0,1,6,47800,1,,42,1,10005051102-1292-1905,,
H,1,1232809,300,3,10,65500,2,10005051102-1292,10005051102,-7.50817271676393E1,3.87128020877928E1,P,200,10,2,79,1,,1,1,6,17700,2,,139,1,10005051102-1292-1906,,
H,1,1285732,300,3,10,59700,2,10005051102-1293,10005051102,-7.5081556423841E1,3.8712525497211E1,P,103,10,2,82,1,,0,1,6,8700,1,,42,1,10005051102-1293-1907,,
H,1,1285732,300,3,10,59700,2,10005051102-1293,10005051102,-7.5081556423841E1,3.8712525497211E1,P,103,10,1,82,1,,1,1,6,51000,1,,36,1,10005051102-1293-1908,,
H,1,1098324,300,3,10,58950,2,10005051102-1294,10005051102,-7.50815728520494E1,3.87122338069673E1,P,103,10,1,84,1,,0,1,6,51900,1,,33,1,10005051102-1294-1909,,
H,1,1098324,300,3,10,58950,2,10005051102-1294,10005051102,-7.50815728520494E1,3.87122338069673E1,P,103,10,2,82,1,,1,1,6,7050,1,,25,1,10005051102-1294-1910,,
H,1,190261,300,3,10,68300,2,10005051102-1295,10005051102,-7.50914926020714E1,3.871167723817E1,P,104,10,1,77,1,,0,1,6,62000,1,,26,1,10005051102-1295-1911,,
H,1,190261,300,3,10,68300,2,10005051102-1295,10005051102,-7.50914926020714E1,3.871167723817E1,P,104,10,2,71,1,,1,1,6,6300,1,,42,1,10005051102-1295-1912,,
H,1,1191314,300,3,10,67670,2,10005051102-1296,10005051102,-7.50910622182762E1,3.87110318675761E1,P,200,10,1,78,1,,0,1,1,49670,1,9120,42,1,10005051102-1296-1913,,399262997
H,1,1191314,300,3,10,67670,2,10005051102-1296,10005051102,-7.50910622182762E1,3.87110318675761E1,P,200,10,2,79,1,,1,1,6,18000,1,,34,1,10005051102-1296-1914,,
H,1,162616,300,3,10,55400,2,10005051102-1297,10005051102,-7.50914226972923E1,3.87115404549026E1,P,300,10,2,78,1,,0,1,6,13400,1,,10,1,10005051102-1297-1915,,
H,1,162616,300,3,10,55400,2,10005051102-1297,10005051102,-7.50914226972923E1,3.87115404549026E1,P,300,10,1,43,1,,2,1,1,42000,1,2860,24,1,10005051102-1297-1916,,472713403
H,1,532481,300,3,10,65500,2,10005051102-1298,10005051102,-7.50915597777435E1,3.87117375136838E1,P,103,10,1,79,1,,0,1,6,27700,1,,42,1,10005051102-1298-1917,,
H,1,532481,300,3,10,65500,2,10005051102-1298,10005051102,-7.50915597777435E1,3.87117375136838E1,P,103,10,1,53,1,,2,1,6,37800,1,7750,42,1,10005051102-1298-1918,,
H,1,675875,300,3,10,74600,2,10005051102-1299,10005051102,-7.50913169885465E1,3.87118339001365E1,P,102,10,1,76,1,,0,1,6,56900,1,,42,1,10005051102-1299-1919,,
H,1,675875,300,3,10,74600,2,10005051102-1299,10005051102,-7.50913169885465E1,3.87118339001365E1,P,102,10,2,72,1,,1,1,6,17700,1,,42,1,10005051102-1299-1920,,
H,1,403279,300,3,10,79500,2,10005051102-1300,10005051102,-7.50903387315562E1,3.87113359722946E1,P,300,10,1,75,1,,0,1,6,36100,1,,25,1,10005051102-1300-1921,,
H,1,403279,300,3,10,79500,2,10005051102-1300,10005051102,-7.50903387315562E1,3.87113359722946E1,P,300,10,2,74,1,,1,1,6,43400,1,5700,10,1,10005051102-1300-1922,,
H,1,424608,300,3,10,52900,2,10005051102-1301,10005051102,-7.50905527975708E1,3.8711114992744E1,P,102,10,2,79,1,,0,1,6,36800,1,,10,1,10005051102-1301-1923,,
H,1,424608,300,3,10,52900,2,10005051102-1301,10005051102,-7.50905527975708E1,3.8711114992744E1,P,102,10,1,76,1,,13,1,6,16100,1,,10,1,10005051102-1301-1924,,
H,1,1086212,300,3,10,56500,2,10005051102-1302,10005051102,-7.50899803387188E1,3.8711337629363E1,P,200,10,2,77,1,,0,1,6,13300,1,,42,1,10005051102-1302-1925,,
H,1,1086212,300,3,10,56500,2,10005051102-1302,10005051102,-7.50899803387188E1,3.8711337629363E1,P,200,10,1,78,1,,1,1,6,43200,1,,42,1,10005051102-1302-1926,,
H,1,1232809,300,3,10,65500,2,10005051102-1303,10005051102,-7.50889416633654E1,3.87112448475305E1,P,200,10,1,80,1,,0,1,6,47800,1,,42,1,10005051102-1303-1927,,
H,1,1232809,300,3,10,65500,2,10005051102-1303,10005051102,-7.50889416633654E1,3.87112448475305E1,P,200,10,2,79,1,,1,1,6,17700,2,,139,1,10005051102-1303-1928,,
H,1,61838,300,3,10,68800,2,10005051102-1304,10005051102,-7.50895945068637E1,3.87115758751503E1,P,200,10,1,78,1,,0,1,6,40300,2,,137,1,10005051102-1304-1929,,
H,1,61838,300,3,10,68800,2,10005051102-1304,10005051102,-7.50895945068637E1,3.87115758751503E1,P,200,10,2,76,1,,1,1,6,28500,1,,34,1,10005051102-1304-1930,,
H,1,970496,300,3,10,59500,2,10005051102-1305,10005051102,-7.50899120334844E1,3.8711332321189E1,P,103,10,2,79,1,,0,1,6,23300,1,,10,1,10005051102-1305-1931,,
H,1,970496,300,3,10,59500,2,10005051102-1305,10005051102,-7.50899120334844E1,3.8711332321189E1,P,103,10,1,74,1,,1,1,6,36200,1,,42,1,10005051102-1305-1932,,
H,1,1249062,300,3,10,71200,2,10005051102-1306,10005051102,-7.5090047535742E1,3.87116131652692E1,P,300,10,2,84,1,,0,1,6,23500,1,,42,1,10005051102-1306-1933,,
H,1,1249062,300,3,10,71200,2,10005051102-1306,10005051102,-7.5090047535742E1,3.87116131652692E1,P,300,10,1,82,1,,1,1,1,47700,1,5910,42,1,10005051102-1306-1934,,597612142
H,1,1200726,300,3,10,81760,2,10005051102-1307,10005051102,-7.50898041676597E1,3.87113662127341E1,P,101,10,1,79,1,,0,1,6,49600,1,,54,1,10005051102-1307-1935,,
H,1,1200726,300,3,10,81760,2,10005051102-1307,10005051102,-7.50898041676597E1,3.87113662127341E1,P,101,10,2,75,1,,1,1,1,32160,1,2540,51,1,10005051102-1307-1936,,597336627
H,1,424608,300,3,10,52900,2,10005051102-1308,10005051102,-7.50888663521955E1,3.87114285214554E1,P,102,10,2,79,1,,0,1,6,36800,1,,10,1,10005051102-1308-1937,,
H,1,424608,300,3,10,52900,2,10005051102-1308,10005051102,-7.50888663521955E1,3.87114285214554E1,P,102,10,1,76,1,,13,1,6,16100,1,,10,1,10005051102-1308-1938,,
H,1,1443910,300,3,10,72600,2,10005051102-1309,10005051102,-7.50904256985405E1,3.87114938978015E1,P,300,10,1,75,1,,0,1,6,23200,1,,55,1,10005051102-1309-1939,,
H,1,1443910,300,3,10,72600,2,10005051102-1309,10005051102,-7.50904256985405E1,3.87114938978015E1,P,300,10,2,72,1,,1,1,1,49400,1,3255,10,1,10005051102-1309-1940,,121603153
H,1,1200726,300,3,10,81760,2,10005051102-1310,10005051102,-7.50903139187697E1,3.87113902162673E1,P,101,10,1,79,1,,0,1,6,49600,1,,54,1,10005051102-1310-1941,,
H,1,1200726,300,3,10,81760,2,10005051102-1310,10005051102,-7.50903139187697E1,3.87113902162673E1,P,101,10,2,75,1,,1,1,1,32160,1,2540,51,1,10005051102-1310-1942,,455367110
H,1,259644,300,3,10,53000,2,10005051102-1311,10005051102,-7.50878338041393E1,3.87117213278892E1,P,103,10,1,58,1,,0,1,6,15000,1,,10,1,10005051102-1311-1943,,
H,1,259644,300,3,10,53000,2,10005051102-1311,10005051102,-7.50878338041393E1,3.87117213278892E1,P,103,10,2,57,1,,1,1,1,38000,1,3255,10,1,10005051102-1311-1944,,121579361
H,1,1297058,300,3,10,74400,2,10005051102-1312,10005051102,-7.50884663977741E1,3.87118909334013E1,P,300,10,1,76,1,,0,1,6,16100,1,,54,1,10005051102-1312-1945,,
H,1,1297058,300,3,10,74400,2,10005051102-1312,10005051102,-7.50884663977741E1,3.87118909334013E1,P,300,10,2,73,1,,1,1,6,58300,1,,42,1,10005051102-1312-1946,,
H,1,1095955,300,3,10,58750,2,10005051102-1313,10005051102,-7.50884630150055E1,3.87121655264854E1,P,104,10,2,75,1,,0,1,6,15550,1,,42,1,10005051102-1313-1947,,
H,1,1095955,300,3,10,58750,2,10005051102-1313,10005051102,-7.50884630150055E1,3.87121655264854E1,P,104,10,1,77,1,,1,1,6,43200,1,,10,1,10005051102-1313-1948,,
H,1,1157006,300,3,10,53000,2,10005051102-1314,10005051102,-7.5088007180411E1,3.87116797959501E1,P,300,10,2,76,1,,0,1,6,16900,1,,10,1,10005051102-1314-1949,,
H,1,1157006,300,3,10,53000,2,10005051102-1314,10005051102,-7.5088007180411E1,3.87116797959501E1,P,300,10,1,79,1,,1,1,6,36100,1,1550,10,1,10005051102-1314-1950,,
H,1,86303,300,3,10,60900,2,10005051102-1315,10005051102,-7.50877699700523E1,3.87118201021441E1,P,200,10,1,83,1,,0,1,6,49500,1,,10,1,10005051102-1315-1951,,
H,1,86303,300,3,10,60900,2,10005051102-1315,10005051102,-7.50877699700523E1,3.87118201021441E1,P,200,10,2,79,1,,1,1,6,11400,1,,10,1,10005051102-1315-1952,,
H,1,1443910,300,3,10,72600,2,10005051102-1316,10005051102,-7.50885840723191E1,3.87119484627586E1,P,300,10,1,75,1,,0,1,6,23200,1,,55,1,10005051102-1316-1953,,
H,1,1443910,300,3,10,72600,2,10005051102-1316,10005051102,-7.50885840723191E1,3.87119484627586E1,P,300,10,2,72,1,,1,1,1,49400,1,3255,10,1,10005051102-1316-1954,,545158602
H,1,1232809,300,3,10,65500,2,10005051102-1317,10005051102,-7.5087564945872E1,3.8711857275544E1,P,200,10,1,80,1,,0,1,6,47800,1,,42,1,10005051102-1317-1955,,
H,1,1232809,300,3,10,65500,2,10005051102-1317,10005051102,-7.5087564945872E1,3.8711857275544E1,P,200,10,2,79,1,,1,1,6,17700,2,,139,1,10005051102-1317-1956,,
H,1,1043951,300,3,10,59000,2,10005051102-1318,10005051102,-7.508818521192E1,3.87115029029264E1,P,200,10,2,81,1,,0,1,6,39400,1,,10,1,10005051102-1318-1957,,
H,1,1043951,300,3,10,59000,2,10005051102-1318,10005051102,-7.508818521192E1,3.87115029029264E1,P,200,10,1,80,1,,1,1,6,19600,1,,10,1,10005051102-1318-1958,,
H,1,424608,300,3,10,52900,2,10005051102-1319,10005051102,-7.50892663842351E1,3.87111850339173E1,P,102,10,2,79,1,,0,1,6,36800,1,,10,1,10005051102-1319-1959,,
H,1,424608,300,3,10,52900,2,10005051102-1319,10005051102,-7.50892663842351E1,3.87111850339173E1,P,102,10,1,76,1,,13,1,6,16100,1,,10,1,10005051102-1319-1960,,
H,1,570263,300,3,10,80000,2,10005051102-1320,10005051102,-7.50873708887506E1,3.87121277096311E1,P,300,10,1,77,1,,0,1,6,40000,1,,55,1,10005051102-1320-1961,,
H,1,570263,300,3,10,80000,2,10005051102-1320,10005051102,-7.50873708887506E1,3.87121277096311E1,P,300,10,2,76,1,,1,1,6,40000,1,,25,1,10005051102-1320-1962,,
H,1,1369435,300,3,10,55300,2,10005051102-1321,10005051102,-7.5086869034604E1,3.87120325384474E1,P,300,10,2,76,1,,0,1,6,25400,1,,24,1,10005051102-1321-1963,,
H,1,1369435,300,3,10,55300,2,10005051102-1321,10005051102,-7.5086869034604E1,3.87120325384474E1,P,300,10,1,84,1,,1,1,6,29900,1,,18,1,10005051102-1321-1964,,
H,1,61838,300,3,10,68800,2,10005051102-1322,10005051102,-7.50863721530412E1,3.87120104691068E1,P,200,10,1,78,1,,0,1,6,40300,2,,137,1,10005051102-1322-1965,,
H,1,61838,300,3,10,68800,2,10005051102-1322,10005051102,-7.50863721530412E1,3.87120104691068E1,P,200,10,2,76,1,,1,1,6,28500,1,,34,1,10005051102-1322-1966,,
H,1,626576,300,3,10,78400,2,10005051102-1323,10005051102,-7.50871226410593E1,3.8711930236193E1,P,102,10,1,77,1,,0,1,6,56000,1,,9,1,10005051102-1323-1967,,
H,1,626576,300,3,10,78400,2,10005051102-1323,10005051102,-7.50871226410593E1,3.8711930236193E1,P,102,10,2,68,1,,1,3,6,22400,1,,72,1,10005051102-1323-1968,,
H,1,771395,300,3,10,70200,2,10005051102-1324,10005051102,-7.50868279826214E1,3.871180800432E1,P,103,10,1,75,1,,0,1,6,38100,1,,42,1,10005051102-1324-1969,,
H,1,771395,300,3,10,70200,2,10005051102-1324,10005051102,-7.50868279826214E1,3.871180800432E1,P,103,10,2,75,1,,1,1,6,32100,1,,42,1,10005051102-1324-1970,,
H,1,1300672,300,3,10,91900,2,10005051102-1325,10005051102,-7.5085217716035E1,3.8711819951988E1,P,300,10,2,75,1,,0,1,6,43600,1,,36,1,10005051102-1325-1971,,
H,1,1300672,300,3,10,91900,2,10005051102-1325,10005051102,-7.5085217716035E1,3.8711819951988E1,P,300,10,1,79,1,,1,1,6,48300,1,,36,1,10005051102-1325-1972,,
H,1,1086212,300,3,10,56500,2,10005051102-1326,10005051102,-7.50857702935371E1,3.87116378636931E1,P,200,10,2,77,1,,0,1,6,13300,1,,42,1,10005051102-1326-1973,,
H,1,1086212,300,3,10,56500,2,10005051102-1326,10005051102,-7.50857702935371E1,3.87116378636931E1,P,200,10,1,78,1,,1,1,6,43200,1,,42,1,10005051102-1326-1974,,
H,1,532481,300,3,10,65500,2,10005051102-1327,10005051102,-7.50864446926771E1,3.87116143130543E1,P,103,10,1,79,1,,0,1,6,27700,1,,42,1,10005051102-1327-1975,,
H,1,532481,300,3,10,65500,2,10005051102-1327,10005051102,-7.50864446926771E1,3.87116143130543E1,P,103,10,1,53,1,,2,1,6,37800,1,7750,42,1,10005051102-1327-1976,,
H,1,473262,300,3,10,56750,2,10005051102-1328,10005051102,-7.50858269743217E1,3.87120104069676E1,P,104,10,2,84,1,,0,1,6,34520,1,,42,1,10005051102-1328-1977,,
H,1,473262,300,3,10,56750,2,10005051102-1328,10005051102,-7.50858269743217E1,3.87120104069676E1,P,104,10,1,89,1,,1,1,6,22230,1,,42,1,10005051102-1328-1978,,
H,1,970496,300,3,10,59500,2,10005051102-1329,10005051102,-7.50860247381138E1,3.87119605036652E1,P,103,10,2,79,1,,0,1,6,23300,1,,10,1,10005051102-1329-1979,,
H,1,970496,300,3,10,59500,2,10005051102-1329,10005051102,-7.50860247381138E1,3.87119605036652E1,P,103,10,1,74,1,,1,1,6,36200,1,,42,1,10005051102-1329-1980,,
H,1,249231,300,3,10,68000,2,10005051102-1330,10005051102,-7.50864340256496E1,3.87116783506098E1,P,300,10,2,78,1,,0,1,6,20100,1,,42,1,10005051102-1330-1981,,
H,1,249231,300,3,10,68000,2,10005051102-1330,10005051102,-7.50864340256496E1,3.87116783506098E1,P,300,10,1,78,1,,1,1,6,47900,1,,34,1,10005051102-1330-1982,,
H,1,249231,300,3,10,68000,2,10005051102-1331,10005051102,-7.5085764106788E1,3.87120290747261E1,P,300,10,2,78,1,,0,1,6,20100,1,,42,1,10005051102-1331-1983,,
H,1,249231,300,3,10,68000,2,10005051102-1331,10005051102,-7.5085764106788E1,3.87120290747261E1,P,300,10,1,78,1,,1,1,6,47900,1,,34,1,10005051102-1331-1984,,
H,1,63647,300,3,10,70600,2,10005051102-1332,10005051102,-7.50853775519504E1,3.871213591789E1,P,300,10,1,76,1,,0,1,6,35700,1,,10,1,10005051102-1332-1985,,
H,1,63647,300,3,10,70600,2,10005051102-1332,10005051102,-7.50853775519504E1,3.871213591789E1,P,300,10,2,73,1,,1,1,6,34900,1,,36,1,10005051102-1332-1986,,
H,1,1232809,300,3,10,65500,2,10005051102-1333,10005051102,-7.50846185710518E1,3.87121844013001E1,P,200,10,1,80,1,,0,1,6,47800,1,,42,1,10005051102-1333-1987,,
H,1,1232809,300,3,10,65500,2,10005051102-1333,10005051102,-7.50846185710518E1,3.87121844013001E1,P,200,10,2,79,1,,1,1,6,17700,2,,139,1,10005051102-1333-1988,,
H,1,1157006,300,3,10,53000,2,10005051102-1334,10005051102,-7.50851643638516E1,3.87123706868411E1,P,300,10,2,76,1,,0,1,6,16900,1,,10,1,10005051102-1334-1989,,
H,1,1157006,300,3,10,53000,2,10005051102-1334,10005051102,-7.50851643638516E1,3.87123706868411E1,P,300,10,1,79,1,,1,1,6,36100,1,1550,10,1,10005051102-1334-1990,,
H,1,954304,300,3,10,54900,2,10005051102-1335,10005051102,-7.5085057208459E1,3.87118305234045E1,P,200,10,1,78,1,,0,1,6,42400,1,,42,1,10005051102-1335-1991,,
H,1,954304,300,3,10,54900,2,10005051102-1335,10005051102,-7.5085057208459E1,3.87118305234045E1,P,200,10,2,73,1,,1,1,6,12500,1,,42,1,10005051102-1335-1992,,
H,1,1443910,300,3,10,72600,2,10005051102-1336,10005051102,-7.5085056931364E1,3.87118284592935E1,P,300,10,1,75,1,,0,1,6,23200,1,,55,1,10005051102-1336-1993,,
H,1,1443910,300,3,10,72600,2,10005051102-1336,10005051102,-7.5085056931364E1,3.87118284592935E1,P,300,10,2,72,1,,1,1,1,49400,1,3255,10,1,10005051102-1336-1994,,541560959
H,1,249231,300,3,10,68000,2,10005051102-1337,10005051102,-7.50845703339421E1,3.87121099182596E1,P,300,10,2,78,1,,0,1,6,20100,1,,42,1,10005051102-1337-1995,,
H,1,249231,300,3,10,68000,2,10005051102-1337,10005051102,-7.50845703339421E1,3.87121099182596E1,P,300,10,1,78,1,,1,1,6,47900,1,,34,1,10005051102-1337-1996,,
H,1,424608,300,3,10,52900,2,10005051102-1338,10005051102,-7.50815495614561E1,3.87108988403405E1,P,102,10,2,79,1,,0,1,6,36800,1,,10,1,10005051102-1338-1997,,
H,1,424608,300,3,10,52900,2,10005051102-1338,10005051102,-7.50815495614561E1,3.87108988403405E1,P,102,10,1,76,1,,13,1,6,16100,1,,10,1,10005051102-1338-1998,,
H,1,303186,300,3,10,51200,2,10005051102-1339,10005051102,-7.50808710054268E1,3.8711818781997E1,P,200,10,1,78,1,,0,1,6,34800,1,,24,1,10005051102-1339-1999,,
H,1,303186,300,3,10,51200,2,10005051102-1339,10005051102,-7.50808710054268E1,3.8711818781997E1,P,200,10,2,75,1,,1,1,6,16400,1,,24,1,10005051102-1339-2000,,
H,1,1443910,300,3,10,72600,2,10005051102-1340,10005051102,-7.50813155164318E1,3.87118201839055E1,P,300,10,1,75,1,,0,1,6,23200,1,,55,1,10005051102-1340-2001,,
H,1,1443910,300,3,10,72600,2,10005051102-1340,10005051102,-7.50813155164318E1,3.87118201839055E1,P,300,10,2,72,1,,1,1,1,49400,1,3255,10,1,10005051102-1340-2002,,816368500
H,1,1300672,300,3,10,91900,2,10005051102-1341,10005051102,-7.50814801427574E1,3.87122252587692E1,P,300,10,2,75,1,,0,1,6,43600,1,,36,1,10005051102-1341-2003,,
H,1,1300672,300,3,10,91900,2,10005051102-1341,10005051102,-7.50814801427574E1,3.87122252587692E1,P,300,10,1,79,1,,1,1,6,48300,1,,36,1,10005051102-1341-2004,,
H,1,333379,300,3,10,83000,2,10005051102-1342,10005051102,-7.5081684991508E1,3.87116303778931E1,P,200,10,2,77,1,,0,1,6,81000,1,,10,1,10005051102-1342-2005,,
H,1,333379,300,3,10,83000,2,10005051102-1342,10005051102,-7.5081684991508E1,3.87116303778931E1,P,200,10,1,76,1,,1,1,6,2000,1,2310,10,1,10005051102-1342-2006,,
H,1,1200726,300,3,10,81760,2,10005051102-1343,10005051102,-7.50808138853624E1,3.87082660471445E1,P,101,10,1,79,1,,0,1,6,49600,1,,54,1,10005051102-1343-2007,,
H,1,1200726,300,3,10,81760,2,10005051102-1343,10005051102,-7.50808138853624E1,3.87082660471445E1,P,101,10,2,75,1,,1,1,1,32160,1,2540,51,1,10005051102-1343-2008,,545158602
H,1,1031811,300,3,10,58920,2,10005051102-1344,10005051102,-7.50810763912898E1,3.87083940763694E1,P,102,10,2,89,1,,0,1,6,37320,1,,10,1,10005051102-1344-2009,,
H,1,1031811,300,3,10,58920,2,10005051102-1344,10005051102,-7.50810763912898E1,3.87083940763694E1,P,102,10,1,60,1,,2,1,1,21600,1,5620,10,1,10005051102-1344-2010,,892289752
H,1,1212219,300,3,10,68000,2,10005051102-1345,10005051102,-7.5080595466107E1,3.87089229665808E1,P,102,10,1,88,1,,0,1,6,44000,2,,137,1,10005051102-1345-2011,,
H,1,1212219,300,3,10,68000,2,10005051102-1345,10005051102,-7.5080595466107E1,3.87089229665808E1,P,102,10,2,82,1,,1,1,6,24000,1,,12,1,10005051102-1345-2012,,
H,1,175784,300,3,10,86500,2,10005051102-1346,10005051102,-7.50807637228396E1,3.87091824079505E1,P,300,10,1,90,1,,0,1,1,82500,1,20,10,1,10005051102-1346-2013,,515041291
H,1,175784,300,3,10,86500,2,10005051102-1346,10005051102,-7.50807637228396E1,3.87091824079505E1,P,300,10,2,89,1,,1,1,6,4000,1,,10,1,10005051102-1346-2014,,
H,1,1248641,300,3,10,98200,2,10005051102-1347,10005051102,-7.50810125867187E1,3.87089145616154E1,P,300,10,1,70,1,,0,1,1,62800,1,2830,11,1,10005051102-1347-2015,,541550844
H,1,1248641,300,3,10,98200,2,10005051102-1347,10005051102,-7.50810125867187E1,3.87089145616154E1,P,300,10,2,68,1,,1,1,6,35400,1,430,36,1,10005051102-1347-2016,,
H,1,247287,300,3,10,51600,2,10005051102-1348,10005051102,-7.50811449400414E1,3.8709061162002E1,P,102,10,2,87,1,,0,1,6,27700,1,,10,1,10005051102-1348-2017,,
H,1,247287,300,3,10,51600,2,10005051102-1348,10005051102,-7.50811449400414E1,3.8709061162002E1,P,102,10,1,90,1,,1,1,6,23900,1,,10,1,10005051102-1348-2018,,
H,1,1031811,300,3,10,58920,2,10005051102-1349,10005051102,-7.5080919549884E1,3.87095604746226E1,P,102,10,2,89,1,,0,1,6,37320,1,,10,1,10005051102-1349-2019,,
H,1,1031811,300,3,10,58920,2,10005051102-1349,10005051102,-7.5080919549884E1,3.87095604746226E1,P,102,10,1,60,1,,2,1,1,21600,1,5620,10,1,10005051102-1349-2020,,252546924
H,1,222203,300,3,10,99000,2,10005051102-1350,10005051102,-7.5081395177261E1,3.87099295693646E1,P,300,10,2,93,1,,0,1,6,49000,1,,34,1,10005051102-1350-2021,,
H,1,222203,300,3,10,99000,2,10005051102-1350,10005051102,-7.5081395177261E1,3.87099295693646E1,P,300,10,2,62,1,,2,1,6,50000,1,3255,42,1,10005051102-1350-2022,,
H,1,1212219,300,3,10,68000,2,10005051102-1351,10005051102,-7.50809193956991E1,3.87095851216544E1,P,102,10,1,88,1,,0,1,6,44000,2,,137,1,10005051102-1351-2023,,
H,1,1212219,300,3,10,68000,2,10005051102-1351,10005051102,-7.50809193956991E1,3.87095851216544E1,P,102,10,2,82,1,,1,1,6,24000,1,,12,1,10005051102-1351-2024,,
H,1,1212219,300,3,10,68000,2,10005051102-1352,10005051102,-7.50810457240326E1,3.87098488991197E1,P,102,10,1,88,1,,0,1,6,44000,2,,137,1,10005051102-1352-2025,,
H,1,1212219,300,3,10,68000,2,10005051102-1352,10005051102,-7.50810457240326E1,3.87098488991197E1,P,102,10,2,82,1,,1,1,6,24000,1,,12,1,10005051102-1352-2026,,
H,1,1212219,300,3,10,68000,2,10005051102-1353,10005051102,-7.5080871898613E1,3.87104365761121E1,P,102,10,1,88,1,,0,1,6,44000,2,,137,1,10005051102-1353-2027,,
H,1,1212219,300,3,10,68000,2,10005051102-1353,10005051102,-7.5080871898613E1,3.87104365761121E1,P,102,10,2,82,1,,1,1,6,24000,1,,12,1,10005051102-1353-2028,,
H,1,602789,300,3,10,93900,2,10005051102-1354,10005051102,-7.50814455858462E1,3.87102046009128E1,P,103,10,2,93,1,,0,1,6,36200,1,,25,1,10005051102-1354-2029,,
H,1,602789,300,3,10,93900,2,10005051102-1354,10005051102,-7.50814455858462E1,3.87102046009128E1,P,103,10,1,93,1,,1,1,6,57700,1,,42,1,10005051102-1354-2030,,
H,1,175784,300,3,10,86500,2,10005051102-1355,10005051102,-7.50811968876467E1,3.87107015805981E1,P,300,10,1,90,1,,0,1,1,82500,1,20,10,1,10005051102-1355-2031,,121586960
H,1,175784,300,3,10,86500,2,10005051102-1355,10005051102,-7.50811968876467E1,3.87107015805981E1,P,300,10,2,89,1,,1,1,6,4000,1,,10,1,10005051102-1355-2032,,
H,1,734330,300,3,10,56000,2,10005051102-1356,10005051102,-7.50812262368242E1,3.87102778895541E1,P,102,10,2,88,1,,0,1,6,6000,1,,44,1,10005051102-1356-2033,,
H,1,734330,300,3,10,56000,2,10005051102-1356,10005051102,-7.50812262368242E1,3.87102778895541E1,P,102,10,1,93,1,,1,1,6,50000,1,,44,1,10005051102-1356-2034,,
H,1,602789,300,3,10,93900,2,10005051102-1357,10005051102,-7.50812302275127E1,3.87112358587811E1,P,103,10,2,93,1,,0,1,6,36200,1,,25,1,10005051102-1357-2035,,
H,1,602789,300,3,10,93900,2,10005051102-1357,10005051102,-7.50812302275127E1,3.87112358587811E1,P,103,10,1,93,1,,1,1,6,57700,1,,42,1,10005051102-1357-2036,,
H,1,222203,300,3,10,99000,2,10005051102-1358,10005051102,-7.50814280732808E1,3.87107594327073E1,P,300,10,2,93,1,,0,1,6,49000,1,,34,1,10005051102-1358-2037,,
H,1,222203,300,3,10,99000,2,10005051102-1358,10005051102,-7.50814280732808E1,3.87107594327073E1,P,300,10,2,62,1,,2,1,6,50000,1,3255,42,1,10005051102-1358-2038,,
H,1,1031811,300,3,10,58920,2,10005051102-1359,10005051102,-7.50812820099331E1,3.87111614586318E1,P,102,10,2,89,1,,0,1,6,37320,1,,10,1,10005051102-1359-2039,,
H,1,1031811,300,3,10,58920,2,10005051102-1359,10005051102,-7.50812820099331E1,3.87111614586318E1,P,102,10,1,60,1,,2,1,1,21600,1,5620,10,1,10005051102-1359-2040,,121611537
H,1,222203,300,3,10,99000,2,10005051102-1360,10005051102,-7.50809879528162E1,3.87117278207243E1,P,300,10,2,93,1,,0,1,6,49000,1,,34,1,10005051102-1360-2041,,
H,1,222203,300,3,10,99000,2,10005051102-1360,10005051102,-7.50809879528162E1,3.87117278207243E1,P,300,10,2,62,1,,2,1,6,50000,1,3255,42,1,10005051102-1360-2042,,
H,1,175784,300,3,10,86500,2,10005051102-1361,10005051102,-7.50814282584253E1,3.87118065481365E1,P,300,10,1,90,1,,0,1,1,82500,1,20,10,1,10005051102-1361-2043,,1704683
H,1,175784,300,3,10,86500,2,10005051102-1361,10005051102,-7.50814282584253E1,3.87118065481365E1,P,300,10,2,89,1,,1,1,6,4000,1,,10,1,10005051102-1361-2044,,
H,1,570263,300,3,10,80000,2,10005051102-1362,10005051102,-7.50816025482075E1,3.8711771720654E1,P,300,10,1,77,1,,0,1,6,40000,1,,55,1,10005051102-1362-2045,,
H,1,570263,300,3,10,80000,2,10005051102-1362,10005051102,-7.50816025482075E1,3.8711771720654E1,P,300,10,2,76,1,,1,1,6,40000,1,,25,1,10005051102-1362-2046,,
H,1,1212219,300,3,10,68000,2,10005051102-1363,10005051102,-7.50813491871313E1,3.87116689118163E1,P,102,10,1,88,1,,0,1,6,44000,2,,137,1,10005051102-1363-2047,,
H,1,1212219,300,3,10,68000,2,10005051102-1363,10005051102,-7.50813491871313E1,3.87116689118163E1,P,102,10,2,82,1,,1,1,6,24000,1,,12,1,10005051102-1363-2048,,
H,1,1031811,300,3,10,58920,2,10005051102-1364,10005051102,-7.5080959248534E1,3.87118772735557E1,P,102,10,2,89,1,,0,1,6,37320,1,,10,1,10005051102-1364-2049,,
H,1,1031811,300,3,10,58920,2,10005051102-1364,10005051102,-7.5080959248534E1,3.87118772735557E1,P,102,10,1,60,1,,2,1,1,21600,1,5620,10,1,10005051102-1364-2050,,545158602
H,1,1364385,300,3,10,51600,2,10005051102-1365,10005051102,-7.50812808606908E1,3.87122558613164E1,P,104,10,1,87,1,,0,1,6,13600,1,,54,1,10005051102-1365-2051,,
H,1,1364385,300,3,10,51600,2,10005051102-1365,10005051102,-7.50812808606908E1,3.87122558613164E1,P,104,10,2,74,1,,1,1,6,38000,1,,54,1,10005051102-1365-2052,,
H,1,247287,300,3,10,51600,2,10005051102-1366,10005051102,-7.50814920542345E1,3.87120963356741E1,P,102,10,2,87,1,,0,1,6,27700,1,,10,1,10005051102-1366-2053,,
H,1,247287,300,3,10,51600,2,10005051102-1366,10005051102,-7.50814920542345E1,3.87120963356741E1,P,102,10,1,90,1,,1,1,6,23900,1,,10,1,10005051102-1366-2054,,
H,1,1031811,300,3,10,58920,2,10005051102-1367,10005051102,-7.50813296853572E1,3.8712419185299E1,P,102,10,2,89,1,,0,1,6,37320,1,,10,1,10005051102-1367-2055,,
H,1,1031811,300,3,10,58920,2,10005051102-1367,10005051102,-7.50813296853572E1,3.8712419185299E1,P,102,10,1,60,1,,2,1,1,21600,1,5620,10,1,10005051102-1367-2056,,678075086
H,1,734330,300,3,10,56000,2,10005051102-1368,10005051102,-7.50815410211282E1,3.87121474642416E1,P,102,10,2,88,1,,0,1,6,6000,1,,44,1,10005051102-1368-2057,,
H,1,734330,300,3,10,56000,2,10005051102-1368,10005051102,-7.50815410211282E1,3.87121474642416E1,P,102,10,1,93,1,,1,1,6,50000,1,,44,1,10005051102-1368-2058,,
H,1,175784,300,3,10,86500,2,10005051102-1369,10005051102,-7.50813172653348E1,3.87122640303392E1,P,300,10,1,90,1,,0,1,1,82500,1,20,10,1,10005051102-1369-2059,,656988417
H,1,175784,300,3,10,86500,2,10005051102-1369,10005051102,-7.50813172653348E1,3.87122640303392E1,P,300,10,2,89,1,,1,1,6,4000,1,,10,1,10005051102-1369-2060,,
H,1,734330,300,3,10,56000,2,10005051102-1370,10005051102,-7.50813867914333E1,3.87133523373486E1,P,102,10,2,88,1,,0,1,6,6000,1,,44,1,10005051102-1370-2061,,
H,1,734330,300,3,10,56000,2,10005051102-1370,10005051102,-7.50813867914333E1,3.87133523373486E1,P,102,10,1,93,1,,1,1,6,50000,1,,44,1,10005051102-1370-2062,,
H,1,222203,300,3,10,99000,2,10005051102-1371,10005051102,-7.50815758541272E1,3.87132216983628E1,P,300,10,2,93,1,,0,1,6,49000,1,,34,1,10005051102-1371-2063,,
H,1,222203,300,3,10,99000,2,10005051102-1371,10005051102,-7.50815758541272E1,3.87132216983628E1,P,300,10,2,62,1,,2,1,6,50000,1,3255,42,1,10005051102-1371-2064,,
H,1,175784,300,3,10,86500,2,10005051102-1372,10005051102,-7.50814454862961E1,3.87136552090946E1,P,300,10,1,90,1,,0,1,1,82500,1,20,10,1,10005051102-1372-2065,,597327998
H,1,175784,300,3,10,86500,2,10005051102-1372,10005051102,-7.50814454862961E1,3.87136552090946E1,P,300,10,2,89,1,,1,1,6,4000,1,,10,1,10005051102-1372-2066,,
H,1,602789,300,3,10,93900,2,10005051102-1373,10005051102,-7.50815156147391E1,3.8713608313075E1,P,103,10,2,93,1,,0,1,6,36200,1,,25,1,10005051102-1373-2067,,
H,1,602789,300,3,10,93900,2,10005051102-1373,10005051102,-7.50815156147391E1,3.8713608313075E1,P,103,10,1,93,1,,1,1,6,57700,1,,42,1,10005051102-1373-2068,,
H,1,734330,300,3,10,56000,2,10005051102-1374,10005051102,-7.5081703826299E1,3.87139010666965E1,P,102,10,2,88,1,,0,1,6,6000,1,,44,1,10005051102-1374-2069,,
H,1,734330,300,3,10,56000,2,10005051102-1374,10005051102,-7.5081703826299E1,3.87139010666965E1,P,102,10,1,93,1,,1,1,6,50000,1,,44,1,10005051102-1374-2070,,
H,1,915782,300,3,10,63000,2,10005051102-1375,10005051102,-7.50818951273987E1,3.87143237994756E1,P,101,10,1,36,2,15,0,3,1,35000,1,2340,42,8,10005051102-1375-2071,,572018380
H,1,915782,300,3,10,63000,2,10005051102-1375,10005051102,-7.50818951273987E1,3.87143237994756E1,P,101,10,1,36,1,,13,3,1,28000,1,2016,72,8,10005051102-1375-2072,,121603070
H,1,915782,300,3,10,63000,2,10005051102-1376,10005051102,-7.50813676634807E1,3.87142744324947E1,P,101,10,1,36,2,15,0,3,1,35000,1,2340,42,8,10005051102-1376-2073,,571958073
H,1,915782,300,3,10,63000,2,10005051102-1376,10005051102,-7.50813676634807E1,3.87142744324947E1,P,101,10,1,36,1,,13,3,1,28000,1,2016,72,8,10005051102-1376-2074,,9145244
H,1,86653,300,3,10,78000,2,10005051102-1377,10005051102,-7.50816415356212E1,3.87143044148141E1,P,103,10,1,27,1,,0,1,1,48000,1,5240,10,9,10005051102-1377-2075,,678144080
H,1,86653,300,3,10,78000,2,10005051102-1377,10005051102,-7.50816415356212E1,3.87143044148141E1,P,103,10,2,21,2,15,1,1,1,30000,1,5860,42,1,10005051102-1377-2076,,472707074
H,1,369858,300,3,10,127000,2,10005051102-1378,10005051102,-7.50818075796727E1,3.87143122427856E1,P,103,10,1,33,1,,0,1,1,125000,1,5165,39,1,10005051102-1378-2077,,121583538
H,1,369858,300,3,10,127000,2,10005051102-1378,10005051102,-7.50818075796727E1,3.87143122427856E1,P,103,10,2,27,3,16,13,1,1,2000,1,2145,10,1,10005051102-1378-2078,,597324771
H,1,963778,300,3,10,143250,2,10005051102-1379,10005051102,-7.50816422114812E1,3.8714881978593E1,P,102,10,2,27,1,,0,1,1,75000,1,1800,34,1,10005051102-1379-2079,,455364703
H,1,963778,300,3,10,143250,2,10005051102-1379,10005051102,-7.50816422114812E1,3.8714881978593E1,P,102,10,1,30,3,16,1,1,1,68250,1,3850,42,1,10005051102-1379-2080,,472702588
H,1,1294678,300,3,10,135000,2,10005051102-1380,10005051102,-7.50824959027684E1,3.87111892500588E1,P,103,10,2,26,3,16,0,1,1,30000,1,2200,110,1,10005051102-1380-2081,,987673431
H,1,1294678,300,3,10,135000,2,10005051102-1380,10005051102,-7.50824959027684E1,3.87111892500588E1,P,103,10,1,29,1,,13,1,1,105000,1,1760,27,1,10005051102-1380-2082,,816365654
H,1,834540,300,3,10,120000,2,10005051102-1381,10005051102,-7.50839067940924E1,3.87110996643451E1,P,300,10,1,29,1,,0,1,1,75000,2,220,160,1,10005051102-1381-2083,,252598586
H,1,834540,300,3,10,120000,2,10005051102-1381,10005051102,-7.50839067940924E1,3.87110996643451E1,P,300,10,2,29,1,,1,1,1,45000,2,310,163,1,10005051102-1381-2084,,816260228
H,1,329819,300,3,10,124000,2,10005051102-1382,10005051102,-7.50834140123392E1,3.8711404601159E1,P,102,10,1,30,2,16,0,1,1,58000,1,4620,34,1,10005051102-1382-2085,,455353581
H,1,329819,300,3,10,124000,2,10005051102-1382,10005051102,-7.50834140123392E1,3.8711404601159E1,P,102,10,2,32,1,,1,1,1,66000,1,3255,34,1,10005051102-1382-2086,,678073917
H,1,369858,300,3,10,127000,2,10005051102-1383,10005051102,-7.50825104651565E1,3.87112014079643E1,P,103,10,1,33,1,,0,1,1,125000,1,5165,39,1,10005051102-1383-2087,,575927892
H,1,369858,300,3,10,127000,2,10005051102-1383,10005051102,-7.50825104651565E1,3.87112014079643E1,P,103,10,2,27,3,16,13,1,1,2000,1,2145,10,1,10005051102-1383-2088,,634834683
H,1,481683,300,3,10,154000,2,10005051102-1384,10005051102,-7.50841199545436E1,3.87111597719081E1,P,102,10,1,35,1,,0,1,1,112000,1,120,10,1,10005051102-1384-2089,,816256481
H,1,481683,300,3,10,154000,2,10005051102-1384,10005051102,-7.50841199545436E1,3.87111597719081E1,P,102,10,2,35,1,,13,1,1,42000,1,710,110,1,10005051102-1384-2090,,597617893
H,1,293474,300,3,10,123000,2,10005051102-1385,10005051102,-7.50839017317694E1,3.87113674846501E1,P,103,10,1,44,1,,0,1,1,108000,1,430,37,1,10005051102-1385-2091,,309956399
H,1,293474,300,3,10,123000,2,10005051102-1385,10005051102,-7.50839017317694E1,3.87113674846501E1,P,103,10,2,42,1,,1,1,1,15000,1,4830,37,1,10005051102-1385-2092,,302041900
H,1,481683,300,3,10,154000,2,10005051102-1386,10005051102,-7.50838593505402E1,3.87112090981953E1,P,102,10,1,35,1,,0,1,1,112000,1,120,10,1,10005051102-1386-2093,,472708692
H,1,481683,300,3,10,154000,2,10005051102-1386,10005051102,-7.50838593505402E1,3.87112090981953E1,P,102,10,2,35,1,,13,1,1,42000,1,710,110,1,10005051102-1386-2094,,611231580
H,1,696227,300,3,10,150001,2,10005051102-1387,10005051102,-7.50831076905774E1,3.87109700211051E1,P,104,10,1,42,1,,0,1,1,150001,1,1010,45,1,10005051102-1387-2095,,9145244
H,1,696227,300,3,10,150001,2,10005051102-1387,10005051102,-7.50831076905774E1,3.87109700211051E1,P,104,10,2,30,1,,13,1,6,0,1,2630,24,1,10005051102-1387-2096,,
H,1,299787,300,3,10,128000,2,10005051102-1388,10005051102,-7.5082239230597E1,3.87110825923427E1,P,101,10,1,44,1,,0,1,1,47000,1,5820,17,1,10005051102-1388-2097,,545158602
H,1,299787,300,3,10,128000,2,10005051102-1388,10005051102,-7.5082239230597E1,3.87110825923427E1,P,101,10,2,39,1,,1,1,1,81000,1,2160,24,1,10005051102-1388-2098,,816259345
H,1,193012,300,3,10,127700,2,10005051102-1389,10005051102,-7.50824729531405E1,3.87110892433834E1,P,103,10,2,44,1,,0,1,1,15500,1,2600,24,1,10005051102-1389-2099,,816365316
H,1,193012,300,3,10,127700,2,10005051102-1389,10005051102,-7.50824729531405E1,3.87110892433834E1,P,103,10,1,45,1,,1,1,1,112200,1,1107,10,1,10005051102-1389-2100,,541552584
H,1,725772,300,3,10,160000,2,10005051102-1390,10005051102,-7.50841625763497E1,3.87113374938426E1,P,102,10,2,35,1,,0,1,1,50000,1,3850,10,1,10005051102-1390-2101,,224258962
H,1,725772,300,3,10,160000,2,10005051102-1390,10005051102,-7.50841625763497E1,3.87113374938426E1,P,102,10,2,33,1,,1,1,1,110000,1,10,36,1,10005051102-1390-2102,,998834741
H,1,293474,300,3,10,123000,2,10005051102-1391,10005051102,-7.50834738730058E1,3.87110924104831E1,P,103,10,1,44,1,,0,1,1,108000,1,430,37,1,10005051102-1391-2103,,816214019
H,1,293474,300,3,10,123000,2,10005051102-1391,10005051102,-7.50834738730058E1,3.87110924104831E1,P,103,10,2,42,1,,1,1,1,15000,1,4830,37,1,10005051102-1391-2104,,4578258
H,1,681215,300,3,10,120000,2,10005051102-1392,10005051102,-7.50839066988798E1,3.87113522301976E1,P,102,10,1,44,1,,0,1,1,60000,1,1107,10,1,10005051102-1392-2105,,816213698
H,1,681215,300,3,10,120000,2,10005051102-1392,10005051102,-7.50839066988798E1,3.87113522301976E1,P,102,10,2,41,1,,1,1,1,60000,1,2160,10,1,10005051102-1392-2106,,472707504
H,1,311184,300,3,10,120000,2,10005051102-1393,10005051102,-7.5084161688356E1,3.87114775001777E1,P,104,10,2,42,1,,0,1,1,120000,1,120,10,1,10005051102-1393-2107,,816323653
H,1,311184,300,3,10,120000,2,10005051102-1393,10005051102,-7.5084161688356E1,3.87114775001777E1,P,104,10,1,12,2,8,2,1,,,1,,10,1,10005051102-1393-2108,100068000084,
H,1,126728,300,3,10,113000,2,10005051102-1394,10005051102,-7.5084403890544E1,3.8711266251197E1,P,104,10,1,35,1,,0,1,1,71000,1,6355,10,1,10005051102-1394-2109,,545158602
H,1,126728,300,3,10,113000,2,10005051102-1394,10005051102,-7.5084403890544E1,3.8711266251197E1,P,104,10,2,34,1,,1,1,1,42000,1,4350,10,1,10005051102-1394-2110,,380084582
H,1,193012,300,3,10,127700,2,10005051102-1395,10005051102,-7.50820935678394E1,3.8711262428502E1,P,103,10,2,44,1,,0,1,1,15500,1,2600,24,1,10005051102-1395-2111,,4578258
H,1,193012,300,3,10,127700,2,10005051102-1395,10005051102,-7.50820935678394E1,3.8711262428502E1,P,103,10,1,45,1,,1,1,1,112200,1,1107,10,1,10005051102-1395-2112,,423031483
H,1,1331942,300,3,10,130200,2,10005051102-1396,10005051102,-7.50841299484321E1,3.87112891388421E1,P,104,10,1,42,1,,0,1,1,118000,1,710,34,1,10005051102-1396-2113,,307843334
H,1,1331942,300,3,10,130200,2,10005051102-1396,10005051102,-7.50841299484321E1,3.87112891388421E1,P,104,10,2,42,1,,1,1,6,12200,1,5400,34,1,10005051102-1396-2114,,
H,1,1104851,300,3,10,169700,2,10005051102-1397,10005051102,-7.50813683298281E1,3.87114841876506E1,P,103,10,2,42,1,,0,1,1,118100,1,430,18,1,10005051102-1397-2115,,518051776
H,1,1104851,300,3,10,169700,2,10005051102-1397,10005051102,-7.50813683298281E1,3.87114841876506E1,P,103,10,1,38,1,,13,1,1,51600,1,7420,10,1,10005051102-1397-2116,,615623196
H,1,299787,300,3,10,128000,2,10005051102-1398,10005051102,-7.5079258916267E1,3.87113878164291E1,P,101,10,1,44,1,,0,1,1,47000,1,5820,17,1,10005051102-1398-2117,,571960525
H,1,299787,300,3,10,128000,2,10005051102-1398,10005051102,-7.5079258916267E1,3.87113878164291E1,P,101,10,2,39,1,,1,1,1,81000,1,2160,24,1,10005051102-1398-2118,,515063105
H,1,681215,300,3,10,120000,2,10005051102-1399,10005051102,-7.50807638154873E1,3.8711227825844E1,P,102,10,1,44,1,,0,1,1,60000,1,1107,10,1,10005051102-1399-2119,,816365704
H,1,681215,300,3,10,120000,2,10005051102-1399,10005051102,-7.50807638154873E1,3.8711227825844E1,P,102,10,2,41,1,,1,1,1,60000,1,2160,10,1,10005051102-1399-2120,,121576631
H,1,1247329,300,3,10,148000,2,10005051102-1400,10005051102,-7.5078128510931E1,3.8711409683996E1,P,101,10,1,35,1,,0,1,1,80200,1,1006,9,1,10005051102-1400-2121,,400395199
H,1,1247329,300,3,10,148000,2,10005051102-1400,10005051102,-7.5078128510931E1,3.8711409683996E1,P,101,10,2,34,1,,1,1,1,67800,1,430,34,1,10005051102-1400-2122,,816243703
H,1,1247329,300,3,10,148000,2,10005051102-1401,10005051102,-7.50796162728691E1,3.87115236711807E1,P,101,10,1,35,1,,0,1,1,80200,1,1006,9,1,10005051102-1401-2123,,374755510
H,1,1247329,300,3,10,148000,2,10005051102-1401,10005051102,-7.50796162728691E1,3.87115236711807E1,P,101,10,2,34,1,,1,1,1,67800,1,430,34,1,10005051102-1401-2124,,816368500
H,1,585469,300,3,10,105000,2,10005051102-1402,10005051102,-7.50807742865927E1,3.87113609175856E1,P,101,10,1,46,1,,0,1,1,58000,1,7340,9,1,10005051102-1402-2125,,423036813
H,1,585469,300,3,10,105000,2,10005051102-1402,10005051102,-7.50807742865927E1,3.87113609175856E1,P,101,10,2,48,1,,1,1,1,47000,1,1740,26,1,10005051102-1402-2126,,373189489
H,1,934896,300,3,10,140000,2,10005051102-1403,10005051102,-7.5079176888355E1,3.87115926012327E1,P,103,10,2,46,1,,0,1,1,85000,1,2310,10,1,10005051102-1403-2127,,635011091
H,1,934896,300,3,10,140000,2,10005051102-1403,10005051102,-7.5079176888355E1,3.87115926012327E1,P,103,10,2,42,1,,12,1,1,55000,1,2000,26,1,10005051102-1403-2128,,223572694
H,1,699008,300,3,10,154900,2,10005051102-1404,10005051102,-7.50804895818568E1,3.87114189916193E1,P,300,10,1,54,1,,0,3,6,63700,1,,72,1,10005051102-1404-2129,,
H,1,699008,300,3,10,154900,2,10005051102-1404,10005051102,-7.50804895818568E1,3.87114189916193E1,P,300,10,2,45,1,,1,13,1,91200,2,2010,360,1,10005051102-1404-2130,,423044072
H,1,549695,300,3,10,164000,2,10005051102-1405,10005051102,-7.50786504617445E1,3.8711831667896E1,P,102,10,2,53,1,,0,1,1,94000,1,3255,36,1,10005051102-1405-2131,,545158602
H,1,549695,300,3,10,164000,2,10005051102-1405,10005051102,-7.50786504617445E1,3.8711831667896E1,P,102,10,1,58,1,,1,1,1,70000,1,1540,34,1,10005051102-1405-2132,,892300138
H,1,512401,300,3,10,135000,2,10005051102-1406,10005051102,-7.5080433093521E1,3.87109997739805E1,P,102,10,2,46,1,,0,1,1,135000,1,850,10,1,10005051102-1406-2133,,545158602
H,1,512401,300,3,10,135000,2,10005051102-1406,10005051102,-7.5080433093521E1,3.87109997739805E1,P,102,10,2,13,3,9,2,1,,,1,,10,1,10005051102-1406-2134,00249806,
H,1,422752,300,3,10,107000,2,10005051102-1407,10005051102,-7.50798735015242E1,3.87114581091597E1,P,300,10,1,53,1,,0,1,1,42000,1,4920,42,1,10005051102-1407-2135,,892289554
H,1,422752,300,3,10,107000,2,10005051102-1407,10005051102,-7.50798735015242E1,3.87114581091597E1,P,300,10,2,53,1,,1,1,1,65000,1,800,34,1,10005051102-1407-2136,,252546924
H,1,1256620,300,3,10,177900,2,10005051102-1408,10005051102,-7.50796914642376E1,3.87115244926395E1,P,104,10,2,49,1,,0,1,1,92900,1,2850,34,1,10005051102-1408-2137,,571958073
H,1,1256620,300,3,10,177900,2,10005051102-1408,10005051102,-7.50796914642376E1,3.87115244926395E1,P,104,10,1,47,1,,1,1,1,85000,1,7330,10,1,10005051102-1408-2138,,1165745
H,1,69119,300,3,10,148200,2,10005051102-1409,10005051102,-7.5080673690926E1,3.87114161516998E1,P,102,10,1,59,1,,0,1,1,40000,1,6230,10,1,10005051102-1409-2139,,307843334
H,1,69119,300,3,10,148200,2,10005051102-1409,10005051102,-7.5080673690926E1,3.87114161516998E1,P,102,10,2,60,1,,1,1,1,108200,1,5240,10,1,10005051102-1409-2140,,399654847
H,1,1318520,300,3,10,115000,2,10005051102-1410,10005051102,-7.50804049814727E1,3.87111976106567E1,P,200,10,2,50,2,15,0,1,1,55000,1,420,10,1,10005051102-1410-2141,,368486593
H,1,1318520,300,3,10,115000,2,10005051102-1410,10005051102,-7.50804049814727E1,3.87111976106567E1,P,200,10,1,45,1,,1,1,1,60000,1,4200,36,1,10005051102-1410-2142,,374755510
H,1,619613,300,3,10,107000,2,10005051102-1411,10005051102,-7.50782331347817E1,3.87114512360956E1,P,300,10,1,51,1,,0,1,1,70000,1,810,10,1,10005051102-1411-2143,,816175103
H,1,619613,300,3,10,107000,2,10005051102-1411,10005051102,-7.50782331347817E1,3.87114512360956E1,P,300,10,2,40,1,,13,1,1,37000,1,5700,34,1,10005051102-1411-2144,,518051297
H,1,991559,300,3,10,105000,2,10005051102-1412,10005051102,-7.50810751809634E1,3.87114778201167E1,P,104,10,2,52,1,,0,1,1,49000,1,5700,10,1,10005051102-1412-2145,,399629740
H,1,991559,300,3,10,105000,2,10005051102-1412,10005051102,-7.50810751809634E1,3.87114778201167E1,P,104,10,1,50,1,,1,1,2,56000,1,7010,34,1,10005051102-1412-2146,,493543094
H,1,550206,300,3,10,135000,2,10005051102-1413,10005051102,-7.50799294259302E1,3.87116347609827E1,P,103,10,2,49,1,,0,1,1,70000,1,2310,17,1,10005051102-1413-2147,,678072455
H,1,550206,300,3,10,135000,2,10005051102-1413,10005051102,-7.50799294259302E1,3.87116347609827E1,P,103,10,1,50,1,,1,1,1,65000,1,1560,10,1,10005051102-1413-2148,,263448003
H,1,988656,300,3,10,110000,2,10005051102-1414,10005051102,-7.50790867866565E1,3.8711407484723E1,P,200,10,2,46,1,,0,1,1,30000,1,5700,24,1,10005051102-1414-2149,,816255152
H,1,988656,300,3,10,110000,2,10005051102-1414,10005051102,-7.50790867866565E1,3.8711407484723E1,P,200,10,1,53,1,,1,1,1,80000,1,205,30,1,10005051102-1414-2150,,629835315
H,1,1462332,300,3,10,120000,4,10005051102-1415,10005051102,-7.5079430249977E1,3.87117709445858E1,P,300,10,1,50,1,,0,1,1,120000,1,10,42,1,10005051102-1415-2151,,1704683
H,1,1462332,300,3,10,120000,4,10005051102-1415,10005051102,-7.5079430249977E1,3.87117709445858E1,P,300,10,2,43,1,,1,1,6,0,1,4110,42,1,10005051102-1415-2152,,
H,1,1462332,300,3,10,120000,4,10005051102-1415,10005051102,-7.5079430249977E1,3.87117709445858E1,P,300,10,1,8,2,4,2,1,,,1,,10,1,10005051102-1415-2153,100108000109,
H,1,1462332,300,3,10,120000,4,10005051102-1415,10005051102,-7.5079430249977E1,3.87117709445858E1,P,300,10,2,0,,,2,1,,,1,,10,1,10005051102-1415-2154,,
H,1,586443,300,3,10,151000,2,10005051102-1416,10005051102,-7.50770913650617E1,3.87116406810057E1,P,102,10,1,53,1,,0,1,1,151000,1,1010,10,1,10005051102-1416-2155,,1704683
H,1,586443,300,3,10,151000,2,10005051102-1416,10005051102,-7.50770913650617E1,3.87116406810057E1,P,102,10,2,52,1,,1,1,6,0,1,,10,1,10005051102-1416-2156,,
H,1,549695,300,3,10,164000,2,10005051102-1417,10005051102,-7.50775632586155E1,3.87115394922731E1,P,102,10,2,53,1,,0,1,1,94000,1,3255,36,1,10005051102-1417-2157,,450103353
H,1,549695,300,3,10,164000,2,10005051102-1417,10005051102,-7.50775632586155E1,3.87115394922731E1,P,102,10,1,58,1,,1,1,1,70000,1,1540,34,1,10005051102-1417-2158,,493526529
H,1,549695,300,3,10,164000,2,10005051102-1418,10005051102,-7.50764988836852E1,3.87118571739628E1,P,102,10,2,53,1,,0,1,1,94000,1,3255,36,1,10005051102-1418-2159,,121571202
H,1,549695,300,3,10,164000,2,10005051102-1418,10005051102,-7.50764988836852E1,3.87118571739628E1,P,102,10,1,58,1,,1,1,1,70000,1,1540,34,1,10005051102-1418-2160,,355814666
H,1,1034033,300,3,10,174300,2,10005051102-1419,10005051102,-7.50781688928842E1,3.87117300412034E1,P,102,10,1,54,1,,0,1,1,100300,1,4850,42,1,10005051102-1419-2161,,248056764
H,1,1034033,300,3,10,174300,2,10005051102-1419,10005051102,-7.50781688928842E1,3.87117300412034E1,P,102,10,2,54,1,,1,1,1,74000,1,3030,42,1,10005051102-1419-2162,,597617893
H,1,915587,300,3,10,102000,2,10005051102-1420,10005051102,-7.50772876237882E1,3.87118170769092E1,P,300,10,1,51,1,,0,1,1,102000,1,3820,24,1,10005051102-1420-2163,,816254767
H,1,915587,300,3,10,102000,2,10005051102-1420,10005051102,-7.50772876237882E1,3.87118170769092E1,P,300,10,2,48,1,,1,1,6,0,1,,24,1,10005051102-1420-2164,,
H,1,885132,300,3,10,179000,2,10005051102-1421,10005051102,-7.5076437602969E1,3.87116714419641E1,P,300,10,2,50,1,,0,1,1,94000,1,10,36,1,10005051102-1421-2165,,597617893
H,1,885132,300,3,10,179000,2,10005051102-1421,10005051102,-7.5076437602969E1,3.87116714419641E1,P,300,10,2,63,1,,1,1,1,85000,1,740,51,1,10005051102-1421-2166,,987669454
H,1,549695,300,3,10,164000,2,10005051102-1422,10005051102,-7.50779720777803E1,3.87116382278455E1,P,102,10,2,53,1,,0,1,1,94000,1,3255,36,1,10005051102-1422-2167,,223575960
H,1,549695,300,3,10,164000,2,10005051102-1422,10005051102,-7.50779720777803E1,3.87116382278455E1,P,102,10,1,58,1,,1,1,1,70000,1,1540,34,1,10005051102-1422-2168,,541562443
H,1,1167398,300,3,10,127000,2,10005051102-1423,10005051102,-7.50768276781027E1,3.87117557556161E1,P,104,10,2,51,1,,0,1,1,66000,1,8760,10,1,10005051102-1423-2169,,572549012
H,1,1167398,300,3,10,127000,2,10005051102-1423,10005051102,-7.50768276781027E1,3.87117557556161E1,P,104,10,1,52,1,,1,1,1,61000,1,7810,42,1,10005051102-1423-2170,,455357095
H,1,740490,300,3,10,115120,2,10005051102-1424,10005051102,-7.50776924577204E1,3.87115996608524E1,P,101,10,1,45,1,,0,1,1,101120,1,1530,42,1,10005051102-1424-2171,,217637057
H,1,740490,300,3,10,115120,2,10005051102-1424,10005051102,-7.50776924577204E1,3.87115996608524E1,P,101,10,1,21,1,,4,1,1,14000,2,4110,215,6,10005051102-1424-2172,,390949584
H,1,586443,300,3,10,151000,2,10005051102-1425,10005051102,-7.50776502902982E1,3.87113827026326E1,P,102,10,1,53,1,,0,1,1,151000,1,1010,10,1,10005051102-1425-2173,,121607758
H,1,586443,300,3,10,151000,2,10005051102-1425,10005051102,-7.50776502902982E1,3.87113827026326E1,P,102,10,2,52,1,,1,1,6,0,1,,10,1,10005051102-1425-2174,,
H,1,583198,300,3,10,110800,2,10005051102-1426,10005051102,-7.50778944969726E1,3.87118153046342E1,P,104,10,1,51,1,,0,1,1,110800,1,2200,6,1,10005051102-1426-2175,,540903549
H,1,583198,300,3,10,110800,2,10005051102-1426,10005051102,-7.50778944969726E1,3.87118153046342E1,P,104,10,2,59,1,,1,1,6,0,1,2860,42,1,10005051102-1426-2176,,
H,1,1318520,300,3,10,115000,2,10005051102-1427,10005051102,-7.507790237321E1,3.87117581554751E1,P,200,10,2,50,2,15,0,1,1,55000,1,420,10,1,10005051102-1427-2177,,455353045
H,1,1318520,300,3,10,115000,2,10005051102-1427,10005051102,-7.507790237321E1,3.87117581554751E1,P,200,10,1,45,1,,1,1,1,60000,1,4200,36,1,10005051102-1427-2178,,1754472
H,1,518633,300,3,10,186000,2,10005051102-1428,10005051102,-7.50780505131493E1,3.87117407959034E1,P,104,10,1,48,1,,0,1,1,116000,1,1006,42,1,10005051102-1428-2179,,312987951
H,1,518633,300,3,10,186000,2,10005051102-1428,10005051102,-7.50780505131493E1,3.87117407959034E1,P,104,10,2,46,1,,1,1,1,70000,1,1006,10,1,10005051102-1428-2180,,816246276
H,1,731077,300,3,10,100100,2,10005051102-1429,10005051102,-7.50922648553003E1,3.87103150516626E1,P,102,10,2,47,1,,0,1,1,45600,1,5420,10,1,10005051102-1429-2181,,647532712
H,1,731077,300,3,10,100100,2,10005051102-1429,10005051102,-7.50922648553003E1,3.87103150516626E1,P,102,10,1,45,1,,1,1,1,54500,1,6355,42,1,10005051102-1429-2182,,8306201
H,1,1318520,300,3,10,115000,2,10005051102-1430,10005051102,-7.50922325659017E1,3.8710720968404E1,P,200,10,2,50,2,15,0,1,1,55000,1,420,10,1,10005051102-1430-2183,,223574567
H,1,1318520,300,3,10,115000,2,10005051102-1430,10005051102,-7.50922325659017E1,3.8710720968404E1,P,200,10,1,45,1,,1,1,1,60000,1,4200,36,1,10005051102-1430-2184,,400853321
H,1,731077,300,3,10,100100,2,10005051102-1431,10005051102,-7.5092623156455E1,3.87107599409593E1,P,102,10,2,47,1,,0,1,1,45600,1,5420,10,1,10005051102-1431-2185,,4578258
H,1,731077,300,3,10,100100,2,10005051102-1431,10005051102,-7.5092623156455E1,3.87107599409593E1,P,102,10,1,45,1,,1,1,1,54500,1,6355,42,1,10005051102-1431-2186,,540900891
H,1,583198,300,3,10,110800,2,10005051102-1432,10005051102,-7.50915233576224E1,3.87113345855285E1,P,104,10,1,51,1,,0,1,1,110800,1,2200,6,1,10005051102-1432-2187,,607293289
H,1,583198,300,3,10,110800,2,10005051102-1432,10005051102,-7.50915233576224E1,3.87113345855285E1,P,104,10,2,59,1,,1,1,6,0,1,2860,42,1,10005051102-1432-2188,,
H,1,48639,300,3,10,169000,2,10005051102-1433,10005051102,-7.50923369634206E1,3.87110012917526E1,P,104,10,2,46,1,,0,1,1,24000,1,420,10,1,10005051102-1433-2189,,597613363
H,1,48639,300,3,10,169000,2,10005051102-1433,10005051102,-7.50923369634206E1,3.87110012917526E1,P,104,10,1,82,1,,1,1,6,145000,1,,10,1,10005051102-1433-2190,,
H,1,740490,300,3,10,115120,2,10005051102-1434,10005051102,-7.5091864620753E1,3.87111497865616E1,P,101,10,1,45,1,,0,1,1,101120,1,1530,42,1,10005051102-1434-2191,,575927876
H,1,740490,300,3,10,115120,2,10005051102-1434,10005051102,-7.5091864620753E1,3.87111497865616E1,P,101,10,1,21,1,,4,1,1,14000,2,4110,215,6,10005051102-1434-2192,,652168055
H,1,1208289,300,3,10,130000,2,10005051102-1435,10005051102,-7.5092396619723E1,3.8710737874491E1,P,102,10,1,46,1,,0,1,1,130000,2,110,138,1,10005051102-1435-2193,,678078056
H,1,1208289,300,3,10,130000,2,10005051102-1435,10005051102,-7.5092396619723E1,3.8710737874491E1,P,102,10,2,54,1,,1,1,6,0,1,,10,1,10005051102-1435-2194,,
H,1,1087721,300,3,10,187000,2,10005051102-1436,10005051102,-7.50922641953066E1,3.87113158973328E1,P,200,10,2,54,1,,0,1,1,100000,1,2160,10,1,10005051102-1436-2195,,571958073
H,1,1087721,300,3,10,187000,2,10005051102-1436,10005051102,-7.50922641953066E1,3.87113158973328E1,P,200,10,1,56,1,,1,1,1,87000,1,2310,36,1,10005051102-1436-2196,,909461691
H,1,1167398,300,3,10,127000,2,10005051102-1437,10005051102,-7.5091884916527E1,3.8711617953307E1,P,104,10,2,51,1,,0,1,1,66000,1,8760,10,1,10005051102-1437-2197,,816314314
H,1,1167398,300,3,10,127000,2,10005051102-1437,10005051102,-7.5091884916527E1,3.8711617953307E1,P,104,10,1,52,1,,1,1,1,61000,1,7810,42,1,10005051102-1437-2198,,4578258
H,1,985365,300,3,10,136000,2,10005051102-1438,10005051102,-7.5092007536353E1,3.87116812834805E1,P,104,10,1,46,1,,0,1,1,116000,1,9620,10,1,10005051102-1438-2199,,816368500
H,1,985365,300,3,10,136000,2,10005051102-1438,10005051102,-7.5092007536353E1,3.87116812834805E1,P,104,10,2,44,1,,1,1,1,20000,1,4110,10,1,10005051102-1438-2200,,626971600
H,1,512401,300,3,10,135000,2,10005051102-1439,10005051102,-7.50917101634555E1,3.87118175424922E1,P,102,10,2,46,1,,0,1,1,135000,1,850,10,1,10005051102-1439-2201,,400694237
H,1,512401,300,3,10,135000,2,10005051102-1439,10005051102,-7.50917101634555E1,3.87118175424922E1,P,102,10,2,13,3,9,2,1,,,1,,10,1,10005051102-1439-2202,01609906,
H,1,704670,300,3,10,111600,2,10005051102-1440,10005051102,-7.50910283528185E1,3.87119050161912E1,P,300,10,1,54,1,,0,1,1,111600,1,3060,42,1,10005051102-1440-2203,,312254832
H,1,704670,300,3,10,111600,2,10005051102-1440,10005051102,-7.50910283528185E1,3.87119050161912E1,P,300,10,2,48,1,,1,1,6,0,1,,42,1,10005051102-1440-2204,,
H,1,722917,300,3,10,115000,2,10005051102-1441,10005051102,-7.50910914961531E1,3.87126948924515E1,P,300,10,1,52,1,,0,1,1,75000,1,9130,36,1,10005051102-1441-2205,,545158602
H,1,722917,300,3,10,115000,2,10005051102-1441,10005051102,-7.50910914961531E1,3.87126948924515E1,P,300,10,2,53,1,,1,1,1,40000,1,5120,10,1,10005051102-1441-2206,,452187800
H,1,619613,300,3,10,107000,2,10005051102-1442,10005051102,-7.509158266647E1,3.87119717166217E1,P,300,10,1,51,1,,0,1,1,70000,1,810,10,1,10005051102-1442-2207,,121575864
H,1,619613,300,3,10,107000,2,10005051102-1442,10005051102,-7.509158266647E1,3.87119717166217E1,P,300,10,2,40,1,,13,1,1,37000,1,5700,34,1,10005051102-1442-2208,,654751452
H,1,885132,300,3,10,179000,2,10005051102-1443,10005051102,-7.50755731197895E1,3.87112210478846E1,P,300,10,2,50,1,,0,1,1,94000,1,10,36,1,10005051102-1443-2209,,472700731
H,1,885132,300,3,10,179000,2,10005051102-1443,10005051102,-7.50755731197895E1,3.87112210478846E1,P,300,10,2,63,1,,1,1,1,85000,1,740,51,1,10005051102-1443-2210,,304071400
H,1,85459,300,3,10,155900,2,10005051102-1444,10005051102,-7.50777988563353E1,3.87108248300126E1,P,102,10,1,56,1,,0,1,1,95900,1,4700,36,1,10005051102-1444-2211,,892284647
H,1,85459,300,3,10,155900,2,10005051102-1444,10005051102,-7.50777988563353E1,3.87108248300126E1,P,102,10,2,53,1,,1,1,1,60000,1,2200,36,1,10005051102-1444-2212,,121575294
H,1,1338538,300,3,10,102800,2,10005051102-1445,10005051102,-7.5077938171246E1,3.87108816063497E1,P,103,10,1,57,1,,0,1,1,43500,1,2850,10,1,10005051102-1445-2213,,354566622
H,1,1338538,300,3,10,102800,2,10005051102-1445,10005051102,-7.5077938171246E1,3.87108816063497E1,P,103,10,2,58,1,,1,1,1,59300,1,430,23,1,10005051102-1445-2214,,571959261
H,1,69119,300,3,10,148200,2,10005051102-1446,10005051102,-7.50773449387593E1,3.87110031158972E1,P,102,10,1,59,1,,0,1,1,40000,1,6230,10,1,10005051102-1446-2215,,846204
H,1,69119,300,3,10,148200,2,10005051102-1446,10005051102,-7.50773449387593E1,3.87110031158972E1,P,102,10,2,60,1,,1,1,1,108200,1,5240,10,1,10005051102-1446-2216,,678075086
H,1,1338876,300,3,10,125000,2,10005051102-1447,10005051102,-7.50766042835743E1,3.87109611033091E1,P,300,10,1,59,2,15,0,1,1,80000,1,430,10,1,10005051102-1447-2217,,400374411
H,1,1338876,300,3,10,125000,2,10005051102-1447,10005051102,-7.50766042835743E1,3.87109611033091E1,P,300,10,2,48,2,15,1,1,1,45000,1,410,10,1,10005051102-1447-2218,,219675782
H,1,984628,300,3,10,165000,2,10005051102-1448,10005051102,-7.50770553469436E1,3.87109312693351E1,P,101,10,2,59,1,,0,1,1,105000,2,3160,120,1,10005051102-1448-2219,,121575922
H,1,984628,300,3,10,165000,2,10005051102-1448,10005051102,-7.50770553469436E1,3.87109312693351E1,P,101,10,1,59,1,,1,1,6,60000,1,3740,10,1,10005051102-1448-2220,,
H,1,1361940,300,3,10,115800,2,10005051102-1449,10005051102,-7.50773096682602E1,3.87111077400637E1,P,104,10,1,59,1,,0,1,1,111600,1,1107,6,1,10005051102-1449-2221,,238490452
H,1,1361940,300,3,10,115800,2,10005051102-1449,10005051102,-7.50773096682602E1,3.87111077400637E1,P,104,10,2,69,1,,1,1,6,4200,2,,217,6,10005051102-1449-2222,,
H,1,975658,300,3,10,118400,2,10005051102-1450,10005051102,-7.50765072191302E1,3.8710920683593E1,P,300,10,1,58,1,,0,1,1,64400,1,5630,10,1,10005051102-1450-2223,,597617893
H,1,975658,300,3,10,118400,2,10005051102-1450,10005051102,-7.50765072191302E1,3.8710920683593E1,P,300,10,2,58,1,,1,1,1,54000,1,340,6,1,10005051102-1450-2224,,816256481
H,1,136311,300,3,10,126500,2,10005051102-1451,10005051102,-7.50761772307518E1,3.87109707888594E1,P,300,10,1,55,1,,0,1,6,84200,1,1800,10,1,10005051102-1451-2225,,
H,1,136311,300,3,10,126500,2,10005051102-1451,10005051102,-7.50761772307518E1,3.87109707888594E1,P,300,10,2,61,1,,1,1,6,42300,1,,10,1,10005051102-1451-2226,,
H,1,763582,300,3,10,113000,2,10005051102-1452,10005051102,-7.50761628258626E1,3.87109355389297E1,P,300,10,1,59,1,,0,1,1,69000,1,4810,34,1,10005051102-1452-2227,,597323930
H,1,763582,300,3,10,113000,2,10005051102-1452,10005051102,-7.50761628258626E1,3.87109355389297E1,P,300,10,1,65,2,16,13,1,1,44000,1,850,39,1,10005051102-1452-2228,,816173819
H,1,1093997,300,3,10,134400,2,10005051102-1453,10005051102,-7.5076809825567E1,3.87109147705013E1,P,300,10,1,55,1,,0,1,1,62400,1,6420,10,1,10005051102-1453-2229,,902098714
H,1,1093997,300,3,10,134400,2,10005051102-1453,10005051102,-7.5076809825567E1,3.87109147705013E1,P,300,10,2,50,1,,1,1,1,72000,1,4700,24,1,10005051102-1453-2230,,657262440
H,1,153088,300,3,10,100200,2,10005051102-1454,10005051102,-7.50766856677401E1,3.8711196586921E1,P,104,10,1,57,1,,0,1,1,34200,1,9410,10,1,10005051102-1454-2231,,816367825
H,1,153088,300,3,10,100200,2,10005051102-1454,10005051102,-7.50766856677401E1,3.8711196586921E1,P,104,10,2,60,1,,1,1,1,66000,1,5110,10,1,10005051102-1454-2232,,252598065
H,1,1037241,300,3,10,177800,2,10005051102-1455,10005051102,-7.507761815048E1,3.87111670059511E1,P,104,10,2,59,1,,0,1,1,153000,1,20,24,1,10005051102-1455-2233,,672428372
H,1,1037241,300,3,10,177800,2,10005051102-1455,10005051102,-7.507761815048E1,3.87111670059511E1,P,104,10,2,82,1,,6,1,6,24800,1,,42,1,10005051102-1455-2234,,
H,1,1446463,300,3,10,107660,2,10005051102-1456,10005051102,-7.50786117165595E1,3.8710912363612E1,P,104,10,2,58,1,,0,1,1,107000,1,2430,36,1,10005051102-1456-2235,,972437834
H,1,1446463,300,3,10,107660,2,10005051102-1456,10005051102,-7.50786117165595E1,3.8710912363612E1,P,104,10,2,63,1,,5,1,6,660,1,5860,25,1,10005051102-1456-2236,,
H,1,1144056,300,3,10,124000,2,10005051102-1457,10005051102,-7.50795643673395E1,3.87109204527022E1,P,200,10,2,57,1,,0,1,1,94000,1,2310,39,1,10005051102-1457-2237,,816242044
H,1,1144056,300,3,10,124000,2,10005051102-1457,10005051102,-7.50795643673395E1,3.87109204527022E1,P,200,10,1,32,1,,2,1,1,30000,1,310,110,1,10005051102-1457-2238,,121576169
H,1,643142,300,3,10,120000,2,10005051102-1458,10005051102,-7.50790553533983E1,3.87109152244108E1,P,200,10,2,56,1,,0,1,1,60000,1,800,10,1,10005051102-1458-2239,,472713080
H,1,643142,300,3,10,120000,2,10005051102-1458,10005051102,-7.50790553533983E1,3.87109152244108E1,P,200,10,1,58,1,,1,1,1,60000,1,9130,29,1,10005051102-1458-2240,,373799477
H,1,934806,300,3,10,163801,2,10005051102-1459,10005051102,-7.50802614754307E1,3.87108803499861E1,P,300,10,1,59,1,,0,1,1,156001,1,600,11,1,10005051102-1459-2241,,816368500
H,1,934806,300,3,10,163801,2,10005051102-1459,10005051102,-7.50802614754307E1,3.87108803499861E1,P,300,10,2,60,1,,1,1,1,7800,1,2750,24,1,10005051102-1459-2242,,400385996
H,1,670129,300,3,10,115400,2,10005051102-1460,10005051102,-7.5079367876153E1,3.87109079843524E1,P,104,10,1,55,1,,0,1,1,47400,1,4700,34,1,10005051102-1460-2243,,545158602
H,1,670129,300,3,10,115400,2,10005051102-1460,10005051102,-7.5079367876153E1,3.87109079843524E1,P,104,10,2,54,1,,1,1,1,68000,1,800,42,1,10005051102-1460-2244,,597617893
H,1,975658,300,3,10,118400,2,10005051102-1461,10005051102,-7.50794072947892E1,3.87109321084125E1,P,300,10,1,58,1,,0,1,1,64400,1,5630,10,1,10005051102-1461-2245,,540901303
H,1,975658,300,3,10,118400,2,10005051102-1461,10005051102,-7.50794072947892E1,3.87109321084125E1,P,300,10,2,58,1,,1,1,1,54000,1,340,6,1,10005051102-1461-2246,,545158602
H,1,934806,300,3,10,163801,2,10005051102-1462,10005051102,-7.50802590217311E1,3.8710826488448E1,P,300,10,1,59,1,,0,1,1,156001,1,600,11,1,10005051102-1462-2247,,374755510
H,1,934806,300,3,10,163801,2,10005051102-1462,10005051102,-7.50802590217311E1,3.8710826488448E1,P,300,10,2,60,1,,1,1,1,7800,1,2750,24,1,10005051102-1462-2248,,816214761
H,1,994458,300,3,10,106000,2,10005051102-1463,10005051102,-7.5079997688102E1,3.87110723665023E1,P,300,10,1,56,1,,0,1,6,71000,1,300,51,1,10005051102-1463-2249,,
H,1,994458,300,3,10,106000,2,10005051102-1463,10005051102,-7.5079997688102E1,3.87110723665023E1,P,300,10,2,52,1,,1,1,6,35000,1,3255,24,1,10005051102-1463-2250,,
H,1,1203527,300,3,10,130000,2,10005051102-1464,10005051102,-7.50795340316376E1,3.87110752139641E1,P,200,10,1,59,1,,0,1,1,100000,1,7340,34,1,10005051102-1464-2251,,545158602
H,1,1203527,300,3,10,130000,2,10005051102-1464,10005051102,-7.50795340316376E1,3.87110752139641E1,P,200,10,2,60,1,,1,1,1,30000,1,5860,42,1,10005051102-1464-2252,,223575135
H,1,76103,300,3,10,188000,2,10005051102-1465,10005051102,-7.5078441115147E1,3.87108129637154E1,P,102,10,2,55,1,,0,1,1,68000,1,5120,9,1,10005051102-1465-2253,,518051180
H,1,76103,300,3,10,188000,2,10005051102-1465,10005051102,-7.5078441115147E1,3.87108129637154E1,P,102,10,1,56,1,,1,1,1,120000,1,4850,9,1,10005051102-1465-2254,,816175905
H,1,1460155,300,3,10,163000,2,10005051102-1466,10005051102,-7.50781305107051E1,3.8710977795596E1,P,103,10,2,57,1,,0,1,1,83000,1,5260,42,1,10005051102-1466-2255,,223569088
H,1,1460155,300,3,10,163000,2,10005051102-1466,10005051102,-7.50781305107051E1,3.8710977795596E1,P,103,10,1,48,2,15,1,1,1,80000,1,1010,39,2,10005051102-1466-2256,,423044072
H,1,524469,300,3,10,86000,2,10005051102-1467,10005051102,-7.50797123524632E1,3.87110898536995E1,P,103,10,1,57,1,,0,1,1,34000,1,4460,36,1,10005051102-1467-2257,,816367882
H,1,524469,300,3,10,86000,2,10005051102-1467,10005051102,-7.50797123524632E1,3.87110898536995E1,P,103,10,2,51,1,,1,1,1,52000,1,5700,10,1,10005051102-1467-2258,,223572736
H,1,1152221,300,3,10,121700,2,10005051102-1468,10005051102,-7.50802271053352E1,3.8710663715573E1,P,200,10,1,58,1,,0,1,1,110800,1,430,21,1,10005051102-1468-2259,,540904679
H,1,1152221,300,3,10,121700,2,10005051102-1468,10005051102,-7.50802271053352E1,3.8710663715573E1,P,200,10,2,57,1,,1,1,6,10900,1,5700,110,1,10005051102-1468-2260,,
H,1,568628,300,3,10,118500,2,10005051102-1469,10005051102,-7.50801887188125E1,3.87108131371015E1,P,102,10,1,59,1,,0,1,1,118500,1,3910,10,1,10005051102-1469-2261,,541550984
H,1,568628,300,3,10,118500,2,10005051102-1469,10005051102,-7.50801887188125E1,3.87108131371015E1,P,102,10,2,61,1,,1,1,6,0,1,,10,1,10005051102-1469-2262,,
H,1,643142,300,3,10,120000,2,10005051102-1470,10005051102,-7.50796057634664E1,3.87107324011151E1,P,200,10,2,56,1,,0,1,1,60000,1,800,10,1,10005051102-1470-2263,,234150381
H,1,643142,300,3,10,120000,2,10005051102-1470,10005051102,-7.50796057634664E1,3.87107324011151E1,P,200,10,1,58,1,,1,1,1,60000,1,9130,29,1,10005051102-1470-2264,,1704683
H,1,69119,300,3,10,148200,2,10005051102-1471,10005051102,-7.50807650891205E1,3.87106747515477E1,P,102,10,1,59,1,,0,1,1,40000,1,6230,10,1,10005051102-1471-2265,,544353
H,1,69119,300,3,10,148200,2,10005051102-1471,10005051102,-7.50807650891205E1,3.87106747515477E1,P,102,10,2,60,1,,1,1,1,108200,1,5240,10,1,10005051102-1471-2266,,472713403
H,1,1152221,300,3,10,121700,2,10005051102-1472,10005051102,-7.50801762607785E1,3.87108373588434E1,P,200,10,1,58,1,,0,1,1,110800,1,430,21,1,10005051102-1472-2267,,545158602
H,1,1152221,300,3,10,121700,2,10005051102-1472,10005051102,-7.50801762607785E1,3.87108373588434E1,P,200,10,2,57,1,,1,1,6,10900,1,5700,110,1,10005051102-1472-2268,,
H,1,1203527,300,3,10,130000,2,10005051102-1473,10005051102,-7.50807029893908E1,3.87108778683626E1,P,200,10,1,59,1,,0,1,1,100000,1,7340,34,1,10005051102-1473-2269,,121607758
H,1,1203527,300,3,10,130000,2,10005051102-1473,10005051102,-7.50807029893908E1,3.87108778683626E1,P,200,10,2,60,1,,1,1,1,30000,1,5860,42,1,10005051102-1473-2270,,695681163
H,1,557551,300,3,10,128500,2,10005051102-1474,10005051102,-7.50811929319274E1,3.8710682625472E1,P,102,10,2,57,1,,0,1,1,92500,1,50,10,1,10005051102-1474-2271,,620139949
H,1,557551,300,3,10,128500,2,10005051102-1474,10005051102,-7.50811929319274E1,3.8710682625472E1,P,102,10,1,67,1,,1,1,6,36000,1,,21,1,10005051102-1474-2272,,
H,1,643142,300,3,10,120000,2,10005051102-1475,10005051102,-7.5082983430733E1,3.87105367928214E1,P,200,10,2,56,1,,0,1,1,60000,1,800,10,1,10005051102-1475-2273,,966224529
H,1,643142,300,3,10,120000,2,10005051102-1475,10005051102,-7.5082983430733E1,3.87105367928214E1,P,200,10,1,58,1,,1,1,1,60000,1,9130,29,1,10005051102-1475-2274,,597329614
H,1,69119,300,3,10,148200,2,10005051102-1476,10005051102,-7.5082197171939E1,3.87109911455537E1,P,102,10,1,59,1,,0,1,1,40000,1,6230,10,1,10005051102-1476-2275,,816361513
H,1,69119,300,3,10,148200,2,10005051102-1476,10005051102,-7.5082197171939E1,3.87109911455537E1,P,102,10,2,60,1,,1,1,1,108200,1,5240,10,1,10005051102-1476-2276,,597329655
H,1,557551,300,3,10,128500,2,10005051102-1477,10005051102,-7.50839995614341E1,3.87105359599278E1,P,102,10,2,57,1,,0,1,1,92500,1,50,10,1,10005051102-1477-2277,,121577092
H,1,557551,300,3,10,128500,2,10005051102-1477,10005051102,-7.50839995614341E1,3.87105359599278E1,P,102,10,1,67,1,,1,1,6,36000,1,,21,1,10005051102-1477-2278,,
H,1,557551,300,3,10,128500,2,10005051102-1478,10005051102,-7.50825543215863E1,3.87105546419195E1,P,102,10,2,57,1,,0,1,1,92500,1,50,10,1,10005051102-1478-2279,,400732586
H,1,557551,300,3,10,128500,2,10005051102-1478,10005051102,-7.50825543215863E1,3.87105546419195E1,P,102,10,1,67,1,,1,1,6,36000,1,,21,1,10005051102-1478-2280,,
H,1,1460155,300,3,10,163000,2,10005051102-1479,10005051102,-7.50838179890927E1,3.871048908724E1,P,103,10,2,57,1,,0,1,1,83000,1,5260,42,1,10005051102-1479-2281,,493534820
H,1,1460155,300,3,10,163000,2,10005051102-1479,10005051102,-7.50838179890927E1,3.871048908724E1,P,103,10,1,48,2,15,1,1,1,80000,1,1010,39,2,10005051102-1479-2282,,309002731
H,1,866580,300,3,10,148000,2,10005051102-1480,10005051102,-7.50815309137187E1,3.8710767703455E1,P,103,10,2,58,1,,0,1,1,38000,1,2330,34,1,10005051102-1480-2283,,892300708
H,1,866580,300,3,10,148000,2,10005051102-1480,10005051102,-7.50815309137187E1,3.8710767703455E1,P,103,10,1,58,1,,1,1,1,110000,1,1420,34,1,10005051102-1480-2284,,816369300
H,1,1338876,300,3,10,125000,2,10005051102-1481,10005051102,-7.50832581415308E1,3.87106995706721E1,P,300,10,1,59,2,15,0,1,1,80000,1,430,10,1,10005051102-1481-2285,,252598024
H,1,1338876,300,3,10,125000,2,10005051102-1481,10005051102,-7.50832581415308E1,3.87106995706721E1,P,300,10,2,48,2,15,1,1,1,45000,1,410,10,1,10005051102-1481-2286,,816365654
H,1,1262772,300,3,10,168000,2,10005051102-1482,10005051102,-7.50837025340266E1,3.8710490858718E1,P,300,10,2,58,1,,0,1,1,56000,1,5700,34,1,10005051102-1482-2287,,981388143
H,1,1262772,300,3,10,168000,2,10005051102-1482,10005051102,-7.50837025340266E1,3.8710490858718E1,P,300,10,1,58,1,,1,1,1,112000,1,7700,39,1,10005051102-1482-2288,,121599914
H,1,1144056,300,3,10,124000,2,10005051102-1483,10005051102,-7.5084250105878E1,3.87105369914518E1,P,200,10,2,57,1,,0,1,1,94000,1,2310,39,1,10005051102-1483-2289,,315001032
H,1,1144056,300,3,10,124000,2,10005051102-1483,10005051102,-7.5084250105878E1,3.87105369914518E1,P,200,10,1,32,1,,2,1,1,30000,1,310,110,1,10005051102-1483-2290,,309002475
H,1,1093997,300,3,10,134400,2,10005051102-1484,10005051102,-7.50838709650834E1,3.87108736867233E1,P,300,10,1,55,1,,0,1,1,62400,1,6420,10,1,10005051102-1484-2291,,597331537
H,1,1093997,300,3,10,134400,2,10005051102-1484,10005051102,-7.50838709650834E1,3.87108736867233E1,P,300,10,2,50,1,,1,1,1,72000,1,4700,24,1,10005051102-1484-2292,,423036813
H,1,1144056,300,3,10,124000,2,10005051102-1485,10005051102,-7.508196967425E1,3.87104522637458E1,P,200,10,2,57,1,,0,1,1,94000,1,2310,39,1,10005051102-1485-2293,,678070657
H,1,1144056,300,3,10,124000,2,10005051102-1485,10005051102,-7.508196967425E1,3.87104522637458E1,P,200,10,1,32,1,,2,1,1,30000,1,310,110,1,10005051102-1485-2294,,581297801
H,1,136311,300,3,10,126500,2,10005051102-1486,10005051102,-7.50836141281956E1,3.87105207693472E1,P,300,10,1,55,1,,0,1,6,84200,1,1800,10,1,10005051102-1486-2295,,
H,1,136311,300,3,10,126500,2,10005051102-1486,10005051102,-7.50836141281956E1,3.87105207693472E1,P,300,10,2,61,1,,1,1,6,42300,1,,10,1,10005051102-1486-2296,,
H,1,69277,300,3,10,100000,2,10005051102-1487,10005051102,-7.50824166892637E1,3.87108595923194E1,P,102,10,1,57,1,,0,1,1,100000,1,4700,10,1,10005051102-1487-2297,,373188515
H,1,69277,300,3,10,100000,2,10005051102-1487,10005051102,-7.50824166892637E1,3.87108595923194E1,P,102,10,2,57,1,,1,1,3,0,1,5860,42,1,10005051102-1487-2298,,
H,1,756174,300,3,10,160000,2,10005051102-1488,10005051102,-7.50815141028274E1,3.87107198857018E1,P,104,10,2,56,1,,0,1,1,95000,1,2330,42,1,10005051102-1488-2299,,597339217
H,1,756174,300,3,10,160000,2,10005051102-1488,10005051102,-7.50815141028274E1,3.87107198857018E1,P,104,10,1,54,1,,1,1,1,65000,1,20,42,1,10005051102-1488-2300,,678142761
H,1,1096809,300,3,10,150500,2,10005051102-1489,10005051102,-7.50838673732626E1,3.87103824291236E1,P,200,10,1,58,1,,0,1,1,107000,1,3710,24,1,10005051102-1489-2301,,669172306
H,1,1096809,300,3,10,150500,2,10005051102-1489,10005051102,-7.50838673732626E1,3.87103824291236E1,P,200,10,2,56,1,,1,1,1,43500,1,5700,110,1,10005051102-1489-2302,,312253099
H,1,984628,300,3,10,165000,2,10005051102-1490,10005051102,-7.5081416605449E1,3.87103753852044E1,P,101,10,2,59,1,,0,1,1,105000,2,3160,120,1,10005051102-1490-2303,,423030881
H,1,984628,300,3,10,165000,2,10005051102-1490,10005051102,-7.5081416605449E1,3.87103753852044E1,P,101,10,1,59,1,,1,1,6,60000,1,3740,10,1,10005051102-1490-2304,,
H,1,69277,300,3,10,100000,2,10005051102-1491,10005051102,-7.50837862269845E1,3.87103765736946E1,P,102,10,1,57,1,,0,1,1,100000,1,4700,10,1,10005051102-1491-2305,,545158602
H,1,69277,300,3,10,100000,2,10005051102-1491,10005051102,-7.50837862269845E1,3.87103765736946E1,P,102,10,2,57,1,,1,1,3,0,1,5860,42,1,10005051102-1491-2306,,
H,1,975658,300,3,10,118400,2,10005051102-1492,10005051102,-7.50845454810858E1,3.87103725494323E1,P,300,10,1,58,1,,0,1,1,64400,1,5630,10,1,10005051102-1492-2307,,302041066
H,1,975658,300,3,10,118400,2,10005051102-1492,10005051102,-7.50845454810858E1,3.87103725494323E1,P,300,10,2,58,1,,1,1,1,54000,1,340,6,1,10005051102-1492-2308,,307843334
H,1,153088,300,3,10,100200,2,10005051102-1493,10005051102,-7.50849230402363E1,3.87099820272093E1,P,104,10,1,57,1,,0,1,1,34200,1,9410,10,1,10005051102-1493-2309,,611229345
H,1,153088,300,3,10,100200,2,10005051102-1493,10005051102,-7.50849230402363E1,3.87099820272093E1,P,104,10,2,60,1,,1,1,1,66000,1,5110,10,1,10005051102-1493-2310,,597323906
H,1,1096809,300,3,10,150500,2,10005051102-1494,10005051102,-7.50848743681864E1,3.87103624380293E1,P,200,10,1,58,1,,0,1,1,107000,1,3710,24,1,10005051102-1494-2311,,423044072
H,1,1096809,300,3,10,150500,2,10005051102-1494,10005051102,-7.50848743681864E1,3.87103624380293E1,P,200,10,2,56,1,,1,1,1,43500,1,5700,110,1,10005051102-1494-2312,,1165745
H,1,679081,300,3,10,115400,2,10005051102-1495,10005051102,-7.50848139701442E1,3.8710581528414E1,P,300,10,2,56,1,,0,1,1,50000,1,2630,42,1,10005051102-1495-2313,,816373856
H,1,679081,300,3,10,115400,2,10005051102-1495,10005051102,-7.50848139701442E1,3.8710581528414E1,P,300,10,1,68,1,,1,1,1,65400,1,9130,42,1,10005051102-1495-2314,,902098714
H,1,557551,300,3,10,128500,2,10005051102-1496,10005051102,-7.50851367071474E1,3.87107970339044E1,P,102,10,2,57,1,,0,1,1,92500,1,50,10,1,10005051102-1496-2315,,450103171
H,1,557551,300,3,10,128500,2,10005051102-1496,10005051102,-7.50851367071474E1,3.87107970339044E1,P,102,10,1,67,1,,1,1,6,36000,1,,21,1,10005051102-1496-2316,,
H,1,1096809,300,3,10,150500,2,10005051102-1497,10005051102,-7.5084734191886E1,3.87104825152443E1,P,200,10,1,58,1,,0,1,1,107000,1,3710,24,1,10005051102-1497-2317,,541556700
H,1,1096809,300,3,10,150500,2,10005051102-1497,10005051102,-7.5084734191886E1,3.87104825152443E1,P,200,10,2,56,1,,1,1,1,43500,1,5700,110,1,10005051102-1497-2318,,472703297
H,1,403371,300,3,10,171000,2,10005051102-1498,10005051102,-7.50854350114285E1,3.87103973338215E1,P,101,10,2,56,1,,0,1,1,113000,1,136,10,1,10005051102-1498-2319,,121583637
H,1,403371,300,3,10,171000,2,10005051102-1498,10005051102,-7.50854350114285E1,3.87103973338215E1,P,101,10,1,58,1,,1,1,1,58000,1,2200,10,1,10005051102-1498-2320,,597336296
H,1,756174,300,3,10,160000,2,10005051102-1499,10005051102,-7.5085432437456E1,3.87103672145187E1,P,104,10,2,56,1,,0,1,1,95000,1,2330,42,1,10005051102-1499-2321,,649989803
H,1,756174,300,3,10,160000,2,10005051102-1499,10005051102,-7.5085432437456E1,3.87103672145187E1,P,104,10,1,54,1,,1,1,1,65000,1,20,42,1,10005051102-1499-2322,,269240024
H,1,1338538,300,3,10,102800,2,10005051102-1500,10005051102,-7.5085114695633E1,3.87110007881524E1,P,103,10,1,57,1,,0,1,1,43500,1,2850,10,1,10005051102-1500-2323,,121604516
H,1,1338538,300,3,10,102800,2,10005051102-1500,10005051102,-7.5085114695633E1,3.87110007881524E1,P,103,10,2,58,1,,1,1,1,59300,1,430,23,1,10005051102-1500-2324,,816361620
H,1,1096809,300,3,10,150500,2,10005051102-1501,10005051102,-7.50870812303121E1,3.871120869506E1,P,200,10,1,58,1,,0,1,1,107000,1,3710,24,1,10005051102-1501-2325,,472709161
H,1,1096809,300,3,10,150500,2,10005051102-1501,10005051102,-7.50870812303121E1,3.871120869506E1,P,200,10,2,56,1,,1,1,1,43500,1,5700,110,1,10005051102-1501-2326,,8306680
H,1,1262772,300,3,10,168000,2,10005051102-1502,10005051102,-7.50878354100024E1,3.87114466798695E1,P,300,10,2,58,1,,0,1,1,56000,1,5700,34,1,10005051102-1502-2327,,380093930
H,1,1262772,300,3,10,168000,2,10005051102-1502,10005051102,-7.50878354100024E1,3.87114466798695E1,P,300,10,1,58,1,,1,1,1,112000,1,7700,39,1,10005051102-1502-2328,,472709179
H,1,670129,300,3,10,115400,2,10005051102-1503,10005051102,-7.50866522065208E1,3.87115562751967E1,P,104,10,1,55,1,,0,1,1,47400,1,4700,34,1,10005051102-1503-2329,,816175061
H,1,670129,300,3,10,115400,2,10005051102-1503,10005051102,-7.50866522065208E1,3.87115562751967E1,P,104,10,2,54,1,,1,1,1,68000,1,800,42,1,10005051102-1503-2330,,423036813
H,1,670129,300,3,10,115400,2,10005051102-1504,10005051102,-7.5087137526956E1,3.8711209373809E1,P,104,10,1,55,1,,0,1,1,47400,1,4700,34,1,10005051102-1504-2331,,716343629
H,1,670129,300,3,10,115400,2,10005051102-1504,10005051102,-7.5087137526956E1,3.8711209373809E1,P,104,10,2,54,1,,1,1,1,68000,1,800,42,1,10005051102-1504-2332,,816199178
H,1,273572,300,3,10,155000,2,10005051102-1505,10005051102,-7.5086903157101E1,3.87112433892064E1,P,300,10,1,59,1,,0,1,1,137000,1,10,42,1,10005051102-1505-2333,,380093484
H,1,273572,300,3,10,155000,2,10005051102-1505,10005051102,-7.5086903157101E1,3.87112433892064E1,P,300,10,2,57,1,,1,1,1,18000,1,2310,42,1,10005051102-1505-2334,,400853172
H,1,994458,300,3,10,106000,2,10005051102-1506,10005051102,-7.50869304496427E1,3.87111157943164E1,P,300,10,1,56,1,,0,1,6,71000,1,300,51,1,10005051102-1506-2335,,
H,1,994458,300,3,10,106000,2,10005051102-1506,10005051102,-7.50869304496427E1,3.87111157943164E1,P,300,10,2,52,1,,1,1,6,35000,1,3255,24,1,10005051102-1506-2336,,
H,1,936923,300,3,10,105800,2,10005051102-1507,10005051102,-7.50875520083455E1,3.871165473584E1,P,200,10,1,59,1,,0,1,1,83000,1,1550,24,1,10005051102-1507-2337,,455364000
H,1,936923,300,3,10,105800,2,10005051102-1507,10005051102,-7.50875520083455E1,3.871165473584E1,P,200,10,2,62,1,,15,1,1,22800,1,4760,24,1,10005051102-1507-2338,,816256879
H,1,1152221,300,3,10,121700,2,10005051102-1508,10005051102,-7.50864184093474E1,3.8710941497349E1,P,200,10,1,58,1,,0,1,1,110800,1,430,21,1,10005051102-1508-2339,,309956399
H,1,1152221,300,3,10,121700,2,10005051102-1508,10005051102,-7.50864184093474E1,3.8710941497349E1,P,200,10,2,57,1,,1,1,6,10900,1,5700,110,1,10005051102-1508-2340,,
H,1,153088,300,3,10,100200,2,10005051102-1509,10005051102,-7.50866242646601E1,3.8711043650963E1,P,104,10,1,57,1,,0,1,1,34200,1,9410,10,1,10005051102-1509-2341,,396385916
H,1,153088,300,3,10,100200,2,10005051102-1509,10005051102,-7.50866242646601E1,3.8711043650963E1,P,104,10,2,60,1,,1,1,1,66000,1,5110,10,1,10005051102-1509-2342,,121600100
H,1,570687,300,3,10,108000,2,10005051102-1510,10005051102,-7.5087376358978E1,3.87110227429774E1,P,300,10,2,58,1,,0,1,1,47000,1,5700,10,1,10005051102-1510-2343,,816365654
H,1,570687,300,3,10,108000,2,10005051102-1510,10005051102,-7.5087376358978E1,3.87110227429774E1,P,300,10,1,62,1,,1,1,1,61000,1,9750,10,1,10005051102-1510-2344,,898260393
H,1,8699,300,3,10,125000,2,10005051102-1511,10005051102,-7.50859719572087E1,3.87108422382768E1,P,300,10,1,59,1,,0,1,6,60000,1,4840,48,1,10005051102-1511-2345,,
H,1,8699,300,3,10,125000,2,10005051102-1511,10005051102,-7.50859719572087E1,3.87108422382768E1,P,300,10,2,60,1,,1,1,6,65000,1,3050,42,1,10005051102-1511-2346,,
H,1,1093997,300,3,10,134400,2,10005051102-1512,10005051102,-7.50875110413738E1,3.87112961483468E1,P,300,10,1,55,1,,0,1,1,62400,1,6420,10,1,10005051102-1512-2347,,545158602
H,1,1093997,300,3,10,134400,2,10005051102-1512,10005051102,-7.50875110413738E1,3.87112961483468E1,P,300,10,2,50,1,,1,1,1,72000,1,4700,24,1,10005051102-1512-2348,,974115545
H,1,1338538,300,3,10,102800,2,10005051102-1513,10005051102,-7.50868762481241E1,3.87112337846973E1,P,103,10,1,57,1,,0,1,1,43500,1,2850,10,1,10005051102-1513-2349,,5295159
H,1,1338538,300,3,10,102800,2,10005051102-1513,10005051102,-7.50868762481241E1,3.87112337846973E1,P,103,10,2,58,1,,1,1,1,59300,1,430,23,1,10005051102-1513-2350,,121583538
H,1,136311,300,3,10,126500,2,10005051102-1514,10005051102,-7.5083153815333E1,3.87117835583158E1,P,300,10,1,55,1,,0,1,6,84200,1,1800,10,1,10005051102-1514-2351,,
H,1,136311,300,3,10,126500,2,10005051102-1514,10005051102,-7.5083153815333E1,3.87117835583158E1,P,300,10,2,61,1,,1,1,6,42300,1,,10,1,10005051102-1514-2352,,
H,1,158500,300,3,10,135350,2,10005051102-1515,10005051102,-7.50829455118174E1,3.87117235392545E1,P,102,10,2,60,1,,0,1,1,101000,1,3255,47,1,10005051102-1515-2353,,515032084
H,1,158500,300,3,10,135350,2,10005051102-1515,10005051102,-7.50829455118174E1,3.87117235392545E1,P,102,10,1,59,1,,1,1,1,34350,1,2630,4,1,10005051102-1515-2354,,121583538
H,1,690902,300,3,10,198500,2,10005051102-1516,10005051102,-7.50816610392142E1,3.87120231967714E1,P,103,10,1,64,1,,0,1,1,198050,1,710,36,1,10005051102-1516-2355,,121586705
H,1,690902,300,3,10,198500,2,10005051102-1516,10005051102,-7.50816610392142E1,3.87120231967714E1,P,103,10,2,57,1,,1,1,6,450,1,230,36,1,10005051102-1516-2356,,
H,1,587747,300,3,10,126000,2,10005051102-1517,10005051102,-7.50841684004553E1,3.8712094512707E1,P,300,10,1,61,1,,0,1,1,59000,1,6660,51,1,10005051102-1517-2357,,816365845
H,1,587747,300,3,10,126000,2,10005051102-1517,10005051102,-7.50841684004553E1,3.8712094512707E1,P,300,10,2,62,1,,1,1,1,67000,1,430,10,1,10005051102-1517-2358,,597612142
H,1,17045,300,3,10,119000,2,10005051102-1518,10005051102,-7.50815736269546E1,3.87122181705994E1,P,104,10,1,60,1,,0,1,1,68000,1,5000,42,1,10005051102-1518-2359,,508134186
H,1,17045,300,3,10,119000,2,10005051102-1518,10005051102,-7.50815736269546E1,3.87122181705994E1,P,104,10,2,59,1,,1,1,1,51000,1,5700,31,1,10005051102-1518-2360,,121609259
H,1,1130676,300,3,10,166920,2,10005051102-1519,10005051102,-7.5082620061019E1,3.87119765617625E1,P,102,10,1,63,1,,0,1,2,126920,1,4720,36,1,10005051102-1519-2361,,452187800
H,1,1130676,300,3,10,166920,2,10005051102-1519,10005051102,-7.5082620061019E1,3.87119765617625E1,P,102,10,2,59,1,,1,1,1,40000,1,5100,34,1,10005051102-1519-2362,,121595011
H,1,1212983,300,3,10,129500,2,10005051102-1520,10005051102,-7.50841943279537E1,3.87121708666312E1,P,200,10,1,63,1,,0,1,1,95000,1,430,42,1,10005051102-1520-2363,,597325265
H,1,1212983,300,3,10,129500,2,10005051102-1520,10005051102,-7.50841943279537E1,3.87121708666312E1,P,200,10,2,61,1,,1,1,1,34500,1,2330,42,1,10005051102-1520-2364,,423036813
H,1,1189895,300,3,10,182000,2,10005051102-1521,10005051102,-7.50835508465677E1,3.87117708876244E1,P,102,10,1,62,1,,0,1,1,77000,1,1010,42,1,10005051102-1521-2365,,121594931
H,1,1189895,300,3,10,182000,2,10005051102-1521,10005051102,-7.50835508465677E1,3.87117708876244E1,P,102,10,2,60,1,,1,1,1,105000,1,3255,42,1,10005051102-1521-2366,,816365746
H,1,1100181,300,3,10,107680,2,10005051102-1522,10005051102,-7.50828476109223E1,3.87120620641377E1,P,300,10,2,64,1,,0,1,6,80,1,,34,1,10005051102-1522-2367,,
H,1,1100181,300,3,10,107680,2,10005051102-1522,10005051102,-7.50828476109223E1,3.87120620641377E1,P,300,10,1,63,1,,1,1,1,107600,1,350,36,1,10005051102-1522-2368,,307843334
H,1,1115281,300,3,10,126980,2,10005051102-1523,10005051102,-7.50840180549645E1,3.87117458503117E1,P,103,10,1,62,1,,0,1,6,88080,1,9140,10,1,10005051102-1523-2369,,
H,1,1115281,300,3,10,126980,2,10005051102-1523,10005051102,-7.50840180549645E1,3.87117458503117E1,P,103,10,2,62,1,,1,1,6,38900,1,3030,10,1,10005051102-1523-2370,,
H,1,1085685,300,3,10,108760,2,10005051102-1524,10005051102,-7.50829950652784E1,3.87119399423438E1,P,102,10,1,64,1,,0,1,1,93560,1,710,10,1,10005051102-1524-2371,,816374524
H,1,1085685,300,3,10,108760,2,10005051102-1524,10005051102,-7.50829950652784E1,3.87119399423438E1,P,102,10,2,61,1,,1,1,1,15200,1,9620,46,1,10005051102-1524-2372,,455366369
H,1,386603,300,3,10,144800,2,10005051102-1525,10005051102,-7.50845079842283E1,3.87120158699983E1,P,200,10,1,64,1,,0,1,1,120000,1,2100,10,1,10005051102-1525-2373,,597617893
H,1,386603,300,3,10,144800,2,10005051102-1525,10005051102,-7.50845079842283E1,3.87120158699983E1,P,200,10,2,65,1,,1,1,1,24800,1,5860,10,1,10005051102-1525-2374,,242102531
H,1,2,300,3,10,166000,2,10005051102-1526,10005051102,-7.5082235309126E1,3.87122095609151E1,P,104,10,1,61,1,,0,1,1,116000,1,1060,10,1,10005051102-1526-2375,,652455239
H,1,2,300,3,10,166000,2,10005051102-1526,10005051102,-7.5082235309126E1,3.87122095609151E1,P,104,10,2,59,1,,1,1,1,50000,1,5700,10,1,10005051102-1526-2376,,255529695
H,1,748152,300,3,10,172000,2,10005051102-1527,10005051102,-7.50816278451752E1,3.87119798739677E1,P,300,10,2,63,1,,0,1,6,104000,1,430,51,1,10005051102-1527-2377,,
H,1,748152,300,3,10,172000,2,10005051102-1527,10005051102,-7.50816278451752E1,3.87119798739677E1,P,300,10,1,65,1,,1,1,1,68000,1,2200,10,1,10005051102-1527-2378,,629835315
H,1,1130676,300,3,10,166920,2,10005051102-1528,10005051102,-7.50839952234324E1,3.87122016240163E1,P,102,10,1,63,1,,0,1,2,126920,1,4720,36,1,10005051102-1528-2379,,669360687
H,1,1130676,300,3,10,166920,2,10005051102-1528,10005051102,-7.50839952234324E1,3.87122016240163E1,P,102,10,2,59,1,,1,1,1,40000,1,5100,34,1,10005051102-1528-2380,,493538185
H,1,1044275,300,3,10,132000,2,10005051102-1529,10005051102,-7.50816481606455E1,3.87118998105374E1,P,300,10,1,62,1,,0,1,1,80000,1,9000,42,1,10005051102-1529-2381,,493524573
H,1,1044275,300,3,10,132000,2,10005051102-1529,10005051102,-7.50816481606455E1,3.87118998105374E1,P,300,10,2,61,1,,1,1,1,52000,1,2010,10,1,10005051102-1529-2382,,121594931
H,1,1107117,300,3,10,139350,2,10005051102-1530,10005051102,-7.50816834723465E1,3.87123262290164E1,P,300,10,2,63,1,,0,1,6,79200,1,,42,1,10005051102-1530-2383,,
H,1,1107117,300,3,10,139350,2,10005051102-1530,10005051102,-7.50816834723465E1,3.87123262290164E1,P,300,10,2,28,1,,2,1,1,60150,1,3150,42,1,10005051102-1530-2384,,400853115
H,1,584242,300,3,10,105000,2,10005051102-1531,10005051102,-7.50813681279062E1,3.87122191238722E1,P,103,10,2,60,1,,0,1,1,50000,1,5260,10,1,10005051102-1531-2385,,269240024
H,1,584242,300,3,10,105000,2,10005051102-1531,10005051102,-7.50813681279062E1,3.87122191238722E1,P,103,10,1,57,1,,1,1,1,55000,1,5920,10,1,10005051102-1531-2386,,263575987
H,1,701708,300,3,10,197600,2,10005051102-1532,10005051102,-7.50838509091416E1,3.87098741067873E1,P,300,10,1,62,1,,0,1,1,122200,1,740,45,1,10005051102-1532-2387,,9145244
H,1,701708,300,3,10,197600,2,10005051102-1532,10005051102,-7.50838509091416E1,3.87098741067873E1,P,300,10,1,65,1,,1,1,1,75400,1,630,9,1,10005051102-1532-2388,,217636836
H,1,1003875,300,3,10,147000,2,10005051102-1533,10005051102,-7.50843015067471E1,3.8709786695198E1,P,300,10,1,63,1,,0,1,1,147000,1,3820,34,1,10005051102-1533-2389,,579857798
H,1,1003875,300,3,10,147000,2,10005051102-1533,10005051102,-7.50843015067471E1,3.8709786695198E1,P,300,10,2,58,1,,1,1,6,0,1,,34,1,10005051102-1533-2390,,
H,1,842190,300,3,10,125000,2,10005051102-1534,10005051102,-7.5084186649542E1,3.87093741799145E1,P,103,10,2,61,1,,0,1,1,51000,1,4830,42,1,10005051102-1534-2391,,571956176
H,1,842190,300,3,10,125000,2,10005051102-1534,10005051102,-7.5084186649542E1,3.87093741799145E1,P,103,10,1,67,1,,1,1,1,74000,1,530,42,1,10005051102-1534-2392,,121609341
H,1,952753,300,3,10,110000,2,10005051102-1535,10005051102,-7.50843527182851E1,3.87096673000526E1,P,104,10,1,64,1,,0,1,1,58000,2,7220,119,1,10005051102-1535-2393,,400210422
H,1,952753,300,3,10,110000,2,10005051102-1535,10005051102,-7.50843527182851E1,3.87096673000526E1,P,104,10,2,56,1,,1,1,1,52000,1,5400,42,1,10005051102-1535-2394,,611230111
H,1,24810,300,3,10,175000,2,10005051102-1536,10005051102,-7.5084372148347E1,3.87100215200707E1,P,102,10,1,64,1,,0,1,1,125200,1,800,42,1,10005051102-1536-2395,,647528520
H,1,24810,300,3,10,175000,2,10005051102-1536,10005051102,-7.5084372148347E1,3.87100215200707E1,P,102,10,2,64,1,,1,1,1,49800,1,430,10,1,10005051102-1536-2396,,121607758
H,1,587747,300,3,10,126000,2,10005051102-1537,10005051102,-7.50840829822676E1,3.87097485069835E1,P,300,10,1,61,1,,0,1,1,59000,1,6660,51,1,10005051102-1537-2397,,242102531
H,1,587747,300,3,10,126000,2,10005051102-1537,10005051102,-7.50840829822676E1,3.87097485069835E1,P,300,10,2,62,1,,1,1,1,67000,1,430,10,1,10005051102-1537-2398,,597617893
H,1,1041985,300,3,10,113470,2,10005051102-1538,10005051102,-7.5084172172472E1,3.8709773406059E1,P,103,10,1,61,1,,0,1,1,55070,1,2630,42,1,10005051102-1538-2399,,423036813
H,1,1041985,300,3,10,113470,2,10005051102-1538,10005051102,-7.5084172172472E1,3.8709773406059E1,P,103,10,2,60,1,,1,1,6,58400,1,,42,1,10005051102-1538-2400,,
H,1,524679,300,3,10,192200,2,10005051102-1539,10005051102,-7.50845545449243E1,3.87097672751662E1,P,300,10,1,63,1,,0,1,6,140200,1,1800,55,1,10005051102-1539-2401,,
H,1,524679,300,3,10,192200,2,10005051102-1539,10005051102,-7.50845545449243E1,3.87097672751662E1,P,300,10,2,64,1,,1,1,6,52000,1,,54,1,10005051102-1539-2402,,
H,1,2,300,3,10,166000,2,10005051102-1540,10005051102,-7.50845285222561E1,3.87105507333632E1,P,104,10,1,61,1,,0,1,1,116000,1,1060,10,1,10005051102-1540-2403,,545158602
H,1,2,300,3,10,166000,2,10005051102-1540,10005051102,-7.50845285222561E1,3.87105507333632E1,P,104,10,2,59,1,,1,1,1,50000,1,5700,10,1,10005051102-1540-2404,,690844170
H,1,1107117,300,3,10,139350,2,10005051102-1541,10005051102,-7.5084594329186E1,3.87106720021837E1,P,300,10,2,63,1,,0,1,6,79200,1,,42,1,10005051102-1541-2405,,
H,1,1107117,300,3,10,139350,2,10005051102-1541,10005051102,-7.5084594329186E1,3.87106720021837E1,P,300,10,2,28,1,,2,1,1,60150,1,3150,42,1,10005051102-1541-2406,,597617893
H,1,1363073,300,3,10,132600,2,10005051102-1542,10005051102,-7.50843937457338E1,3.87110354651086E1,P,102,10,2,64,1,,0,1,6,103200,1,230,24,1,10005051102-1542-2407,,
H,1,1363073,300,3,10,132600,2,10005051102-1542,10005051102,-7.50843937457338E1,3.87110354651086E1,P,102,10,1,64,1,,1,1,1,29400,1,2200,25,1,10005051102-1542-2408,,984897439
H,1,1073793,300,3,10,155100,2,10005051102-1543,10005051102,-7.50844876374245E1,3.871052953793E1,P,102,10,1,64,1,,0,1,1,68000,1,4210,10,1,10005051102-1543-2409,,309002665
H,1,1073793,300,3,10,155100,2,10005051102-1543,10005051102,-7.50844876374245E1,3.871052953793E1,P,102,10,2,61,1,,1,1,1,87100,1,430,42,1,10005051102-1543-2410,,816259683
H,1,1107117,300,3,10,139350,2,10005051102-1544,10005051102,-7.50846713496952E1,3.87113887194008E1,P,300,10,2,63,1,,0,1,6,79200,1,,42,1,10005051102-1544-2411,,
H,1,1107117,300,3,10,139350,2,10005051102-1544,10005051102,-7.50846713496952E1,3.87113887194008E1,P,300,10,2,28,1,,2,1,1,60150,1,3150,42,1,10005051102-1544-2412,,816214100
H,1,451261,300,3,10,114000,2,10005051102-1545,10005051102,-7.50841223703044E1,3.87113409786993E1,P,102,10,1,63,1,,0,1,6,62400,1,,53,1,10005051102-1545-2413,,
H,1,451261,300,3,10,114000,2,10005051102-1545,10005051102,-7.50841223703044E1,3.87113409786993E1,P,102,10,2,62,1,,1,1,6,51600,1,,42,1,10005051102-1545-2414,,
H,1,1085685,300,3,10,108760,2,10005051102-1546,10005051102,-7.50842884781865E1,3.87112809116744E1,P,102,10,1,64,1,,0,1,1,93560,1,710,10,1,10005051102-1546-2415,,571958446
H,1,1085685,300,3,10,108760,2,10005051102-1546,10005051102,-7.50842884781865E1,3.87112809116744E1,P,102,10,2,61,1,,1,1,1,15200,1,9620,46,1,10005051102-1546-2416,,4578258
H,1,524679,300,3,10,192200,2,10005051102-1547,10005051102,-7.50842271787782E1,3.8711510354848E1,P,300,10,1,63,1,,0,1,6,140200,1,1800,55,1,10005051102-1547-2417,,
H,1,524679,300,3,10,192200,2,10005051102-1547,10005051102,-7.50842271787782E1,3.8711510354848E1,P,300,10,2,64,1,,1,1,6,52000,1,,54,1,10005051102-1547-2418,,
H,1,1115281,300,3,10,126980,2,10005051102-1548,10005051102,-7.5075594502358E1,3.87127265214175E1,P,103,10,1,62,1,,0,1,6,88080,1,9140,10,1,10005051102-1548-2419,,
H,1,1115281,300,3,10,126980,2,10005051102-1548,10005051102,-7.5075594502358E1,3.87127265214175E1,P,103,10,2,62,1,,1,1,6,38900,1,3030,10,1,10005051102-1548-2420,,
H,1,1381529,300,3,10,115200,2,10005051102-1549,10005051102,-7.5090101237429E1,3.87135946076665E1,P,103,10,2,62,1,,0,1,6,67200,1,3245,10,1,10005051102-1549-2421,,
H,1,1381529,300,3,10,115200,2,10005051102-1549,10005051102,-7.5090101237429E1,3.87135946076665E1,P,103,10,1,64,1,,1,1,1,48000,1,8965,10,1,10005051102-1549-2422,,675809594
H,1,234930,300,3,10,170000,2,10005051102-1550,10005051102,-7.50911269945161E1,3.87123523017372E1,P,102,10,1,62,1,,0,1,1,110000,1,1530,39,1,10005051102-1550-2423,,400853172
H,1,234930,300,3,10,170000,2,10005051102-1550,10005051102,-7.50911269945161E1,3.87123523017372E1,P,102,10,2,62,1,,1,1,1,60000,1,5700,10,1,10005051102-1550-2424,,455353276
H,1,701708,300,3,10,197600,2,10005051102-1551,10005051102,-7.50905586941305E1,3.87124965558281E1,P,300,10,1,62,1,,0,1,1,122200,1,740,45,1,10005051102-1551-2425,,121607758
H,1,701708,300,3,10,197600,2,10005051102-1551,10005051102,-7.50905586941305E1,3.87124965558281E1,P,300,10,1,65,1,,1,1,1,75400,1,630,9,1,10005051102-1551-2426,,816256481
H,1,710945,300,3,10,167000,2,10005051102-1552,10005051102,-7.50911665794345E1,3.87125985680367E1,P,300,10,1,64,1,,0,1,1,116000,1,9420,42,1,10005051102-1552-2427,,966223950
H,1,710945,300,3,10,167000,2,10005051102-1552,10005051102,-7.50911665794345E1,3.87125985680367E1,P,300,10,2,57,1,,1,1,1,51000,1,5700,34,1,10005051102-1552-2428,,597342567
H,1,1360772,300,3,10,142000,2,10005051102-1553,10005051102,-7.50909585811937E1,3.8712393668345E1,P,300,10,1,63,1,,0,1,6,16000,1,,10,1,10005051102-1553-2429,,
H,1,1360772,300,3,10,142000,2,10005051102-1553,10005051102,-7.50909585811937E1,3.8712393668345E1,P,300,10,2,61,1,,1,1,1,126000,1,350,10,1,10005051102-1553-2430,,268827078
H,1,842190,300,3,10,125000,2,10005051102-1554,10005051102,-7.50909826325294E1,3.87128640041027E1,P,103,10,2,61,1,,0,1,1,51000,1,4830,42,1,10005051102-1554-2431,,225840347
H,1,842190,300,3,10,125000,2,10005051102-1554,10005051102,-7.50909826325294E1,3.87128640041027E1,P,103,10,1,67,1,,1,1,1,74000,1,530,42,1,10005051102-1554-2432,,455366062
H,1,690902,300,3,10,198500,2,10005051102-1555,10005051102,-7.50916367801245E1,3.87123049496712E1,P,103,10,1,64,1,,0,1,1,198050,1,710,36,1,10005051102-1555-2433,,714756061
H,1,690902,300,3,10,198500,2,10005051102-1555,10005051102,-7.50916367801245E1,3.87123049496712E1,P,103,10,2,57,1,,1,1,6,450,1,230,36,1,10005051102-1555-2434,,
H,1,1360772,300,3,10,142000,2,10005051102-1556,10005051102,-7.50911731899851E1,3.87126580275706E1,P,300,10,1,63,1,,0,1,6,16000,1,,10,1,10005051102-1556-2435,,
H,1,1360772,300,3,10,142000,2,10005051102-1556,10005051102,-7.50911731899851E1,3.87126580275706E1,P,300,10,2,61,1,,1,1,1,126000,1,350,10,1,10005051102-1556-2436,,545158602
H,1,1426552,300,3,10,151600,2,10005051102-1557,10005051102,-7.50911638596913E1,3.87124061793524E1,P,200,10,1,62,1,,0,1,6,91600,1,4760,11,1,10005051102-1557-2437,,
H,1,1426552,300,3,10,151600,2,10005051102-1557,10005051102,-7.50911638596913E1,3.87124061793524E1,P,200,10,2,44,1,,1,1,1,60000,1,4700,26,1,10005051102-1557-2438,,966213068
H,1,1073793,300,3,10,155100,2,10005051102-1558,10005051102,-7.50921783929665E1,3.87130054326467E1,P,102,10,1,64,1,,0,1,1,68000,1,4210,10,1,10005051102-1558-2439,,846667
H,1,1073793,300,3,10,155100,2,10005051102-1558,10005051102,-7.50921783929665E1,3.87130054326467E1,P,102,10,2,61,1,,1,1,1,87100,1,430,42,1,10005051102-1558-2440,,647527993
H,1,124594,300,3,10,166400,2,10005051102-1559,10005051102,-7.50920878533506E1,3.87130204285346E1,P,103,10,1,60,1,,0,1,1,100300,1,7700,24,1,10005051102-1559-2441,,423036813
H,1,124594,300,3,10,166400,2,10005051102-1559,10005051102,-7.50920878533506E1,3.87130204285346E1,P,103,10,2,43,1,,13,1,1,66100,2,430,240,6,10005051102-1559-2442,,423039346
H,1,1065507,300,3,10,151000,2,10005051102-1560,10005051102,-7.50916272415723E1,3.87129177862365E1,P,101,10,1,63,1,,0,1,1,102000,1,710,10,1,10005051102-1560-2443,,178058046
H,1,1065507,300,3,10,151000,2,10005051102-1560,10005051102,-7.50916272415723E1,3.87129177862365E1,P,101,10,2,64,1,,1,1,1,49000,1,2310,10,1,10005051102-1560-2444,,597331537
H,1,24810,300,3,10,175000,2,10005051102-1561,10005051102,-7.50919727037801E1,3.87133010639928E1,P,102,10,1,64,1,,0,1,1,125200,1,800,42,1,10005051102-1561-2445,,423044072
H,1,24810,300,3,10,175000,2,10005051102-1561,10005051102,-7.50919727037801E1,3.87133010639928E1,P,102,10,2,64,1,,1,1,1,49800,1,430,10,1,10005051102-1561-2446,,678078056
H,1,748152,300,3,10,172000,2,10005051102-1562,10005051102,-7.50922520876464E1,3.87122098708253E1,P,300,10,2,63,1,,0,1,6,104000,1,430,51,1,10005051102-1562-2447,,
H,1,748152,300,3,10,172000,2,10005051102-1562,10005051102,-7.50922520876464E1,3.87122098708253E1,P,300,10,1,65,1,,1,1,1,68000,1,2200,10,1,10005051102-1562-2448,,982653701
H,1,690902,300,3,10,198500,2,10005051102-1563,10005051102,-7.5092256577924E1,3.87120005110333E1,P,103,10,1,64,1,,0,1,1,198050,1,710,36,1,10005051102-1563-2449,,597323401
H,1,690902,300,3,10,198500,2,10005051102-1563,10005051102,-7.5092256577924E1,3.87120005110333E1,P,103,10,2,57,1,,1,1,6,450,1,230,36,1,10005051102-1563-2450,,
H,1,690902,300,3,10,198500,2,10005051102-1564,10005051102,-7.50921759203641E1,3.87120326167046E1,P,103,10,1,64,1,,0,1,1,198050,1,710,36,1,10005051102-1564-2451,,846253
H,1,690902,300,3,10,198500,2,10005051102-1564,10005051102,-7.50921759203641E1,3.87120326167046E1,P,103,10,2,57,1,,1,1,6,450,1,230,36,1,10005051102-1564-2452,,
H,1,75482,300,3,10,110000,2,10005051102-1565,10005051102,-7.50918076196781E1,3.87116701949611E1,P,300,10,2,61,1,,0,1,1,50000,1,350,4,1,10005051102-1565-2453,,816322838
H,1,75482,300,3,10,110000,2,10005051102-1565,10005051102,-7.50918076196781E1,3.87116701949611E1,P,300,10,1,53,1,,1,1,1,60000,1,6355,24,1,10005051102-1565-2454,,8305997
H,1,386603,300,3,10,144800,2,10005051102-1566,10005051102,-7.5091857108296E1,3.87118204156384E1,P,200,10,1,64,1,,0,1,1,120000,1,2100,10,1,10005051102-1566-2455,,950244962
H,1,386603,300,3,10,144800,2,10005051102-1566,10005051102,-7.5091857108296E1,3.87118204156384E1,P,200,10,2,65,1,,1,1,1,24800,1,5860,10,1,10005051102-1566-2456,,816371462
H,1,1190975,300,3,10,126000,2,10005051102-1567,10005051102,-7.50925703647427E1,3.8714397071306E1,P,103,10,1,66,1,,0,1,1,95000,1,7315,51,1,10005051102-1567-2457,,697056562
H,1,1190975,300,3,10,126000,2,10005051102-1567,10005051102,-7.50925703647427E1,3.8714397071306E1,P,103,10,2,68,1,,1,1,1,31000,1,9140,10,1,10005051102-1567-2458,,541550547
H,1,687695,300,3,10,186820,2,10005051102-1568,10005051102,-7.50923091013378E1,3.8712894311329E1,P,200,10,1,68,1,,0,1,1,143070,1,2200,36,1,10005051102-1568-2459,,374755510
H,1,687695,300,3,10,186820,2,10005051102-1568,10005051102,-7.50923091013378E1,3.8712894311329E1,P,200,10,2,61,1,,1,1,6,43750,1,2340,42,1,10005051102-1568-2460,,
H,1,291803,300,3,10,131000,2,10005051102-1569,10005051102,-7.50923975329492E1,3.8712399218838E1,P,102,10,2,65,1,,0,1,6,41000,1,710,31,1,10005051102-1569-2461,,
H,1,291803,300,3,10,131000,2,10005051102-1569,10005051102,-7.50923975329492E1,3.8712399218838E1,P,102,10,1,82,1,,1,1,6,90000,1,410,25,1,10005051102-1569-2462,,
H,1,161443,300,3,10,139200,2,10005051102-1570,10005051102,-7.50925067648383E1,3.87139399837257E1,P,102,10,1,68,1,,0,1,1,29200,1,9140,42,1,10005051102-1570-2463,,597617893
H,1,161443,300,3,10,139200,2,10005051102-1570,10005051102,-7.50925067648383E1,3.87139399837257E1,P,102,10,2,64,1,,1,1,1,110000,1,4850,10,1,10005051102-1570-2464,,545158602
H,1,227080,300,3,10,124100,2,10005051102-1571,10005051102,-7.50923759388651E1,3.87140755084861E1,P,103,10,2,67,1,,0,1,6,82000,1,5700,50,1,10005051102-1571-2465,,
H,1,227080,300,3,10,124100,2,10005051102-1571,10005051102,-7.50923759388651E1,3.87140755084861E1,P,103,10,1,68,1,,1,1,6,42100,1,230,36,1,10005051102-1571-2466,,
H,1,206076,300,3,10,137200,2,10005051102-1572,10005051102,-7.50922239687258E1,3.87132618350157E1,P,300,10,1,65,1,,0,1,1,87200,1,10,10,1,10005051102-1572-2467,,597617893
H,1,206076,300,3,10,137200,2,10005051102-1572,10005051102,-7.50922239687258E1,3.87132618350157E1,P,300,10,2,60,1,,1,1,1,50000,1,5000,24,1,10005051102-1572-2468,,374755510
H,1,396377,300,3,10,102500,2,10005051102-1573,10005051102,-7.50926952341658E1,3.87125641537184E1,P,300,10,1,65,1,,0,1,6,91500,1,4710,36,1,10005051102-1573-2469,,
H,1,396377,300,3,10,102500,2,10005051102-1573,10005051102,-7.50926952341658E1,3.87125641537184E1,P,300,10,2,66,1,,1,1,6,11000,1,,31,1,10005051102-1573-2470,,
H,1,856864,300,3,10,121400,2,10005051102-1574,10005051102,-7.50923670050527E1,3.87130799807261E1,P,102,10,1,65,1,,0,1,1,97200,1,1300,1,1,10005051102-1574-2471,,121582761
H,1,856864,300,3,10,121400,2,10005051102-1574,10005051102,-7.50923670050527E1,3.87130799807261E1,P,102,10,1,57,1,,1,1,3,24200,1,136,24,1,10005051102-1574-2472,,
H,1,376096,300,3,10,144000,2,10005051102-1575,10005051102,-7.50924550281045E1,3.8712067392253E1,P,300,10,1,68,1,,0,1,1,85000,1,5940,42,1,10005051102-1575-2473,,966213084
H,1,376096,300,3,10,144000,2,10005051102-1575,10005051102,-7.50924550281045E1,3.8712067392253E1,P,300,10,2,66,1,,1,1,6,59000,1,710,42,1,10005051102-1575-2474,,
H,1,1208677,300,3,10,122200,2,10005051102-1576,10005051102,-7.50925764717047E1,3.87132667208425E1,P,104,10,1,69,1,,0,1,1,113500,1,8220,55,1,10005051102-1576-2475,,306800251
H,1,1208677,300,3,10,122200,2,10005051102-1576,10005051102,-7.50925764717047E1,3.87132667208425E1,P,104,10,2,65,1,,1,1,6,8700,1,,10,1,10005051102-1576-2476,,
H,1,291803,300,3,10,131000,2,10005051102-1577,10005051102,-7.50926768638635E1,3.87131917557136E1,P,102,10,2,65,1,,0,1,6,41000,1,710,31,1,10005051102-1577-2477,,
H,1,291803,300,3,10,131000,2,10005051102-1577,10005051102,-7.50926768638635E1,3.87131917557136E1,P,102,10,1,82,1,,1,1,6,90000,1,410,25,1,10005051102-1577-2478,,
H,1,696447,300,3,10,142200,2,10005051102-1578,10005051102,-7.50926676598086E1,3.8712985844046E1,P,102,10,1,74,1,,0,1,6,117900,1,,42,1,10005051102-1578-2479,,
H,1,696447,300,3,10,142200,2,10005051102-1578,10005051102,-7.50926676598086E1,3.8712985844046E1,P,102,10,2,75,1,,1,1,6,24300,1,,34,1,10005051102-1578-2480,,
H,1,1277802,300,3,10,120000,2,10005051102-1579,10005051102,-7.50882895428897E1,3.87119539027631E1,P,300,10,1,70,1,,0,24,1,119000,1,2100,34,1,10005051102-1579-2481,,540902210
H,1,1277802,300,3,10,120000,2,10005051102-1579,10005051102,-7.50882895428897E1,3.87119539027631E1,P,300,10,2,64,1,,1,1,6,1000,1,2000,34,1,10005051102-1579-2482,,
H,1,509888,300,3,10,118680,2,10005051102-1580,10005051102,-7.50889733036455E1,3.87120572475478E1,P,300,10,2,65,1,,0,1,6,61680,1,650,37,1,10005051102-1580-2483,,
H,1,509888,300,3,10,118680,2,10005051102-1580,10005051102,-7.50889733036455E1,3.87120572475478E1,P,300,10,1,52,1,,15,1,1,57000,1,6050,10,1,10005051102-1580-2484,,597333327
H,1,696447,300,3,10,142200,2,10005051102-1581,10005051102,-7.50868601051877E1,3.87129169642753E1,P,102,10,1,74,1,,0,1,6,117900,1,,42,1,10005051102-1581-2485,,
H,1,696447,300,3,10,142200,2,10005051102-1581,10005051102,-7.50868601051877E1,3.87129169642753E1,P,102,10,2,75,1,,1,1,6,24300,1,,34,1,10005051102-1581-2486,,
H,1,227080,300,3,10,124100,2,10005051102-1582,10005051102,-7.50879192958323E1,3.87126261905072E1,P,103,10,2,67,1,,0,1,6,82000,1,5700,50,1,10005051102-1582-2487,,
H,1,227080,300,3,10,124100,2,10005051102-1582,10005051102,-7.50879192958323E1,3.87126261905072E1,P,103,10,1,68,1,,1,1,6,42100,1,230,36,1,10005051102-1582-2488,,
H,1,997185,300,3,10,112000,2,10005051102-1583,10005051102,-7.50878663550466E1,3.87124659122513E1,P,300,10,1,65,1,,0,1,1,69600,1,2040,39,1,10005051102-1583-2489,,374755510
H,1,997185,300,3,10,112000,2,10005051102-1583,10005051102,-7.50878663550466E1,3.87124659122513E1,P,300,10,2,68,1,,1,1,6,42400,1,,38,1,10005051102-1583-2490,,
H,1,372865,300,3,10,121300,2,10005051102-1584,10005051102,-7.50887300110612E1,3.87121048866157E1,P,102,10,1,68,1,,0,1,1,55800,1,850,24,1,10005051102-1584-2491,,540921186
H,1,372865,300,3,10,121300,2,10005051102-1584,10005051102,-7.50887300110612E1,3.87121048866157E1,P,102,10,2,67,1,,1,1,1,65500,1,120,24,1,10005051102-1584-2492,,5295233
H,1,227080,300,3,10,124100,2,10005051102-1585,10005051102,-7.5088366553546E1,3.87124020086538E1,P,103,10,2,67,1,,0,1,6,82000,1,5700,50,1,10005051102-1585-2493,,
H,1,227080,300,3,10,124100,2,10005051102-1585,10005051102,-7.5088366553546E1,3.87124020086538E1,P,103,10,1,68,1,,1,1,6,42100,1,230,36,1,10005051102-1585-2494,,
H,1,514522,300,3,10,115000,2,10005051102-1586,10005051102,-7.50893540819815E1,3.87115551663824E1,P,300,10,1,74,1,,0,1,6,104000,1,,11,1,10005051102-1586-2495,,
H,1,514522,300,3,10,115000,2,10005051102-1586,10005051102,-7.50893540819815E1,3.87115551663824E1,P,300,10,2,62,1,,1,1,6,11000,1,,24,1,10005051102-1586-2496,,
H,1,455929,300,3,10,106700,2,10005051102-1587,10005051102,-7.50865432761322E1,3.87125133657883E1,P,104,10,1,68,1,,0,1,1,88500,1,4920,10,1,10005051102-1587-2497,,1704683
H,1,455929,300,3,10,106700,2,10005051102-1587,10005051102,-7.50865432761322E1,3.87125133657883E1,P,104,10,2,62,1,,1,1,1,18200,1,2200,10,1,10005051102-1587-2498,,965716368
H,1,498482,300,3,10,101200,2,10005051102-1588,10005051102,-7.5085911975539E1,3.87121700577716E1,P,104,10,1,65,1,,0,1,1,53200,1,4700,51,1,10005051102-1588-2499,,571958073
H,1,498482,300,3,10,101200,2,10005051102-1588,10005051102,-7.5085911975539E1,3.87121700577716E1,P,104,10,2,55,1,,1,1,1,48000,1,3255,10,1,10005051102-1588-2500,,121588164
H,1,227080,300,3,10,124100,2,10005051102-1589,10005051102,-7.50891084733826E1,3.87115304455233E1,P,103,10,2,67,1,,0,1,6,82000,1,5700,50,1,10005051102-1589-2501,,
H,1,227080,300,3,10,124100,2,10005051102-1589,10005051102,-7.50891084733826E1,3.87115304455233E1,P,103,10,1,68,1,,1,1,6,42100,1,230,36,1,10005051102-1589-2502,,
H,1,514522,300,3,10,115000,2,10005051102-1590,10005051102,-7.5085642352326E1,3.87126070596348E1,P,300,10,1,74,1,,0,1,6,104000,1,,11,1,10005051102-1590-2503,,
H,1,514522,300,3,10,115000,2,10005051102-1590,10005051102,-7.5085642352326E1,3.87126070596348E1,P,300,10,2,62,1,,1,1,6,11000,1,,24,1,10005051102-1590-2504,,
H,1,396377,300,3,10,102500,2,10005051102-1591,10005051102,-7.50892836920645E1,3.87116576549174E1,P,300,10,1,65,1,,0,1,6,91500,1,4710,36,1,10005051102-1591-2505,,
H,1,396377,300,3,10,102500,2,10005051102-1591,10005051102,-7.50892836920645E1,3.87116576549174E1,P,300,10,2,66,1,,1,1,6,11000,1,,31,1,10005051102-1591-2506,,
H,1,997426,300,3,10,123900,2,10005051102-1592,10005051102,-7.50866645429695E1,3.87122685578592E1,P,104,10,1,73,1,,0,1,1,114600,1,7340,10,1,10005051102-1592-2507,,678070954
H,1,997426,300,3,10,123900,2,10005051102-1592,10005051102,-7.50866645429695E1,3.87122685578592E1,P,104,10,2,69,1,,1,1,6,9300,1,,10,1,10005051102-1592-2508,,
H,1,161443,300,3,10,139200,2,10005051102-1593,10005051102,-7.50891845831605E1,3.87118281736182E1,P,102,10,1,68,1,,0,1,1,29200,1,9140,42,1,10005051102-1593-2509,,816365845
H,1,161443,300,3,10,139200,2,10005051102-1593,10005051102,-7.50891845831605E1,3.87118281736182E1,P,102,10,2,64,1,,1,1,1,110000,1,4850,10,1,10005051102-1593-2510,,455368191
H,1,227080,300,3,10,124100,2,10005051102-1594,10005051102,-7.50863703941248E1,3.87125286227347E1,P,103,10,2,67,1,,0,1,6,82000,1,5700,50,1,10005051102-1594-2511,,
H,1,227080,300,3,10,124100,2,10005051102-1594,10005051102,-7.50863703941248E1,3.87125286227347E1,P,103,10,1,68,1,,1,1,6,42100,1,230,36,1,10005051102-1594-2512,,
H,1,227080,300,3,10,124100,2,10005051102-1595,10005051102,-7.50872761331207E1,3.87125640907327E1,P,103,10,2,67,1,,0,1,6,82000,1,5700,50,1,10005051102-1595-2513,,
H,1,227080,300,3,10,124100,2,10005051102-1595,10005051102,-7.50872761331207E1,3.87125640907327E1,P,103,10,1,68,1,,1,1,6,42100,1,230,36,1,10005051102-1595-2514,,
H,1,291803,300,3,10,131000,2,10005051102-1596,10005051102,-7.50857260239685E1,3.87125882288323E1,P,102,10,2,65,1,,0,1,6,41000,1,710,31,1,10005051102-1596-2515,,
H,1,291803,300,3,10,131000,2,10005051102-1596,10005051102,-7.50857260239685E1,3.87125882288323E1,P,102,10,1,82,1,,1,1,6,90000,1,410,25,1,10005051102-1596-2516,,
H,1,1129619,300,3,10,100000,2,10005051102-1597,10005051102,-7.5089006299494E1,3.87117234618636E1,P,102,10,1,66,1,,0,1,1,80000,1,710,39,1,10005051102-1597-2517,,698777653
H,1,1129619,300,3,10,100000,2,10005051102-1597,10005051102,-7.5089006299494E1,3.87117234618636E1,P,102,10,2,61,1,,1,1,1,20000,1,4700,11,1,10005051102-1597-2518,,312253784
H,1,917741,300,3,10,101500,2,10005051102-1598,10005051102,-7.50885291363802E1,3.87125432002846E1,P,102,10,1,65,1,,0,1,1,78000,1,710,33,1,10005051102-1598-2519,,571956671
H,1,917741,300,3,10,101500,2,10005051102-1598,10005051102,-7.50885291363802E1,3.87125432002846E1,P,102,10,2,64,1,,1,3,6,23500,1,,72,1,10005051102-1598-2520,,
H,1,729010,300,3,10,121600,2,10005051102-1599,10005051102,-7.50888951244641E1,3.8711648487066E1,P,200,10,1,65,1,,0,1,6,61400,1,,36,1,10005051102-1599-2521,,
H,1,729010,300,3,10,121600,2,10005051102-1599,10005051102,-7.50888951244641E1,3.8711648487066E1,P,200,10,2,64,1,,1,1,6,60200,1,2310,36,1,10005051102-1599-2522,,
H,1,997426,300,3,10,123900,2,10005051102-1600,10005051102,-7.5087976385413E1,3.87123951529574E1,P,104,10,1,73,1,,0,1,1,114600,1,7340,10,1,10005051102-1600-2523,,816363170
H,1,997426,300,3,10,123900,2,10005051102-1600,10005051102,-7.5087976385413E1,3.87123951529574E1,P,104,10,2,69,1,,1,1,6,9300,1,,10,1,10005051102-1600-2524,,
H,1,542231,300,3,10,143000,2,10005051102-1601,10005051102,-7.50865728699832E1,3.87126122215098E1,P,300,10,1,70,1,,0,1,6,109000,1,,18,1,10005051102-1601-2525,,
H,1,542231,300,3,10,143000,2,10005051102-1601,10005051102,-7.50865728699832E1,3.87126122215098E1,P,300,10,2,71,1,,1,1,6,34000,2,,233,6,10005051102-1601-2526,,
H,1,509888,300,3,10,118680,2,10005051102-1602,10005051102,-7.5088100113075E1,3.87122545055036E1,P,300,10,2,65,1,,0,1,6,61680,1,650,37,1,10005051102-1602-2527,,
H,1,509888,300,3,10,118680,2,10005051102-1602,10005051102,-7.5088100113075E1,3.87122545055036E1,P,300,10,1,52,1,,15,1,1,57000,1,6050,10,1,10005051102-1602-2528,,1704683
H,1,860685,300,3,10,120610,2,10005051102-1603,10005051102,-7.5078104558904E1,3.87119551419816E1,P,102,10,2,72,1,,0,1,6,89700,1,,10,1,10005051102-1603-2529,,
H,1,860685,300,3,10,120610,2,10005051102-1603,10005051102,-7.5078104558904E1,3.87119551419816E1,P,102,10,2,40,1,,2,1,1,30910,1,5700,10,1,10005051102-1603-2530,,1704683
H,1,291803,300,3,10,131000,2,10005051102-1604,10005051102,-7.5079870156948E1,3.87123350408685E1,P,102,10,2,65,1,,0,1,6,41000,1,710,31,1,10005051102-1604-2531,,
H,1,291803,300,3,10,131000,2,10005051102-1604,10005051102,-7.5079870156948E1,3.87123350408685E1,P,102,10,1,82,1,,1,1,6,90000,1,410,25,1,10005051102-1604-2532,,
H,1,396377,300,3,10,102500,2,10005051102-1605,10005051102,-7.50794539661272E1,3.87122951979912E1,P,300,10,1,65,1,,0,1,6,91500,1,4710,36,1,10005051102-1605-2533,,
H,1,396377,300,3,10,102500,2,10005051102-1605,10005051102,-7.50794539661272E1,3.87122951979912E1,P,300,10,2,66,1,,1,1,6,11000,1,,31,1,10005051102-1605-2534,,
H,1,396377,300,3,10,102500,2,10005051102-1606,10005051102,-7.50803204513055E1,3.8712135806007E1,P,300,10,1,65,1,,0,1,6,91500,1,4710,36,1,10005051102-1606-2535,,
H,1,396377,300,3,10,102500,2,10005051102-1606,10005051102,-7.50803204513055E1,3.8712135806007E1,P,300,10,2,66,1,,1,1,6,11000,1,,31,1,10005051102-1606-2536,,
H,1,514522,300,3,10,115000,2,10005051102-1607,10005051102,-7.50792646164964E1,3.8712890654842E1,P,300,10,1,74,1,,0,1,6,104000,1,,11,1,10005051102-1607-2537,,
H,1,514522,300,3,10,115000,2,10005051102-1607,10005051102,-7.50792646164964E1,3.8712890654842E1,P,300,10,2,62,1,,1,1,6,11000,1,,24,1,10005051102-1607-2538,,
H,1,1053586,300,3,10,189200,2,10005051102-1608,10005051102,-7.50798177845874E1,3.8712501801124E1,P,300,10,2,67,1,,0,1,1,7000,1,4700,48,1,10005051102-1608-2539,,455365890
H,1,1053586,300,3,10,189200,2,10005051102-1608,10005051102,-7.50798177845874E1,3.8712501801124E1,P,300,10,1,70,1,,1,1,1,182200,1,3060,29,1,10005051102-1608-2540,,373188515
H,1,1053586,300,3,10,189200,2,10005051102-1609,10005051102,-7.5080587543481E1,3.87121669977122E1,P,300,10,2,67,1,,0,1,1,7000,1,4700,48,1,10005051102-1609-2541,,121600894
H,1,1053586,300,3,10,189200,2,10005051102-1609,10005051102,-7.5080587543481E1,3.87121669977122E1,P,300,10,1,70,1,,1,1,1,182200,1,3060,29,1,10005051102-1609-2542,,652456807
H,1,1208677,300,3,10,122200,2,10005051102-1610,10005051102,-7.50789869255522E1,3.87121394435351E1,P,104,10,1,69,1,,0,1,1,113500,1,8220,55,1,10005051102-1610-2543,,597617893
H,1,1208677,300,3,10,122200,2,10005051102-1610,10005051102,-7.50789869255522E1,3.87121394435351E1,P,104,10,2,65,1,,1,1,6,8700,1,,10,1,10005051102-1610-2544,,
H,1,393496,300,3,10,175000,2,10005051102-1611,10005051102,-7.5079448781481E1,3.87121814156906E1,P,200,10,1,67,1,,0,1,6,175000,1,430,42,1,10005051102-1611-2545,,
H,1,393496,300,3,10,175000,2,10005051102-1611,10005051102,-7.5079448781481E1,3.87121814156906E1,P,200,10,2,67,1,,1,1,6,0,1,,42,1,10005051102-1611-2546,,
H,1,131720,300,3,10,105400,2,10005051102-1612,10005051102,-7.50815003632766E1,3.8711969240795E1,P,103,10,2,69,1,,0,1,6,29400,1,800,42,1,10005051102-1612-2547,,
H,1,131720,300,3,10,105400,2,10005051102-1612,10005051102,-7.50815003632766E1,3.8711969240795E1,P,103,10,1,69,1,,1,1,1,76000,1,430,36,1,10005051102-1612-2548,,121586325
H,1,1053586,300,3,10,189200,2,10005051102-1613,10005051102,-7.5081017598319E1,3.87120010566236E1,P,300,10,2,67,1,,0,1,1,7000,1,4700,48,1,10005051102-1613-2549,,597329523
H,1,1053586,300,3,10,189200,2,10005051102-1613,10005051102,-7.5081017598319E1,3.87120010566236E1,P,300,10,1,70,1,,1,1,1,182200,1,3060,29,1,10005051102-1613-2550,,121608160
H,1,1251235,300,3,10,187400,2,10005051102-1614,10005051102,-7.50799011865374E1,3.87120756602433E1,P,300,10,1,66,1,,0,1,1,137200,1,430,25,1,10005051102-1614-2551,,373797836
H,1,1251235,300,3,10,187400,2,10005051102-1614,10005051102,-7.50799011865374E1,3.87120756602433E1,P,300,10,2,65,1,,1,1,1,50200,1,4920,36,1,10005051102-1614-2552,,423044072
H,1,794285,300,3,10,103000,2,10005051102-1615,10005051102,-7.5079285373113E1,3.87118344888108E1,P,300,10,1,69,1,,0,1,6,103000,1,3930,17,1,10005051102-1615-2553,,
H,1,794285,300,3,10,103000,2,10005051102-1615,10005051102,-7.5079285373113E1,3.87118344888108E1,P,300,10,2,61,1,,1,1,6,0,1,5700,23,1,10005051102-1615-2554,,
H,1,997185,300,3,10,112000,2,10005051102-1616,10005051102,-7.50787420704408E1,3.87122346994238E1,P,300,10,1,65,1,,0,1,1,69600,1,2040,39,1,10005051102-1616-2555,,678075086
H,1,997185,300,3,10,112000,2,10005051102-1616,10005051102,-7.50787420704408E1,3.87122346994238E1,P,300,10,2,68,1,,1,1,6,42400,1,,38,1,10005051102-1616-2556,,
H,1,860685,300,3,10,120610,2,10005051102-1617,10005051102,-7.50806767354584E1,3.87120979597332E1,P,102,10,2,72,1,,0,1,6,89700,1,,10,1,10005051102-1617-2557,,
H,1,860685,300,3,10,120610,2,10005051102-1617,10005051102,-7.50806767354584E1,3.87120979597332E1,P,102,10,2,40,1,,2,1,1,30910,1,5700,10,1,10005051102-1617-2558,,816242267
H,1,856864,300,3,10,121400,2,10005051102-1618,10005051102,-7.50804115211171E1,3.87121080660711E1,P,102,10,1,65,1,,0,1,1,97200,1,1300,1,1,10005051102-1618-2559,,545158602
H,1,856864,300,3,10,121400,2,10005051102-1618,10005051102,-7.50804115211171E1,3.87121080660711E1,P,102,10,1,57,1,,1,1,3,24200,1,136,24,1,10005051102-1618-2560,,
H,1,542231,300,3,10,143000,2,10005051102-1619,10005051102,-7.50785015863292E1,3.871193306133E1,P,300,10,1,70,1,,0,1,6,109000,1,,18,1,10005051102-1619-2561,,
H,1,542231,300,3,10,143000,2,10005051102-1619,10005051102,-7.50785015863292E1,3.871193306133E1,P,300,10,2,71,1,,1,1,6,34000,2,,233,6,10005051102-1619-2562,,
H,1,917741,300,3,10,101500,2,10005051102-1620,10005051102,-7.50806764278305E1,3.87119337759741E1,P,102,10,1,65,1,,0,1,1,78000,1,710,33,1,10005051102-1620-2563,,9145244
H,1,917741,300,3,10,101500,2,10005051102-1620,10005051102,-7.50806764278305E1,3.87119337759741E1,P,102,10,2,64,1,,1,3,6,23500,1,,72,1,10005051102-1620-2564,,
H,1,1363073,300,3,10,132600,2,10005051102-1621,10005051102,-7.50761540763804E1,3.87127584378018E1,P,102,10,2,64,1,,0,1,6,103200,1,230,24,1,10005051102-1621-2565,,
H,1,1363073,300,3,10,132600,2,10005051102-1621,10005051102,-7.50761540763804E1,3.87127584378018E1,P,102,10,1,64,1,,1,1,1,29400,1,2200,25,1,10005051102-1621-2566,,400853321
H,1,856864,300,3,10,121400,2,10005051102-1622,10005051102,-7.50780740767814E1,3.8712221049548E1,P,102,10,1,65,1,,0,1,1,97200,1,1300,1,1,10005051102-1622-2567,,1704683
H,1,856864,300,3,10,121400,2,10005051102-1622,10005051102,-7.50780740767814E1,3.8712221049548E1,P,102,10,1,57,1,,1,1,3,24200,1,136,24,1,10005051102-1622-2568,,
H,1,1382883,300,3,10,114500,2,10005051102-1623,10005051102,-7.5078089931959E1,3.87120902278107E1,P,300,10,1,82,1,,0,1,1,107000,1,1320,31,1,10005051102-1623-2569,,252603386
H,1,1382883,300,3,10,114500,2,10005051102-1623,10005051102,-7.5078089931959E1,3.87120902278107E1,P,300,10,2,66,1,,1,1,6,7500,1,,36,1,10005051102-1623-2570,,
H,1,747691,300,3,10,107500,2,10005051102-1624,10005051102,-7.50765651484365E1,3.8711915490673E1,P,102,10,2,82,1,,0,1,6,61500,1,,34,1,10005051102-1624-2571,,
H,1,747691,300,3,10,107500,2,10005051102-1624,10005051102,-7.50765651484365E1,3.8711915490673E1,P,102,10,1,58,1,,2,1,1,46000,1,7020,39,1,10005051102-1624-2572,,9145244
H,1,601392,300,3,10,170800,2,10005051102-1625,10005051102,-7.50763788194931E1,3.87127885246951E1,P,300,10,1,78,1,,0,1,1,165800,1,4750,13,1,10005051102-1625-2573,,373798479
H,1,601392,300,3,10,170800,2,10005051102-1625,10005051102,-7.50763788194931E1,3.87127885246951E1,P,300,10,2,76,1,,1,1,6,5000,1,,10,9,10005051102-1625-2574,,
H,1,341548,300,3,10,129500,2,10005051102-1626,10005051102,-7.507817903419E1,3.87122842669726E1,P,300,10,2,75,1,,0,1,6,40500,1,,36,1,10005051102-1626-2575,,
H,1,341548,300,3,10,129500,2,10005051102-1626,10005051102,-7.507817903419E1,3.87122842669726E1,P,300,10,1,74,1,,1,1,1,89000,1,4700,36,1,10005051102-1626-2576,,423039460
H,1,916508,300,3,10,102000,2,10005051102-1627,10005051102,-7.50771860955037E1,3.87123378192405E1,P,102,10,1,79,1,,0,1,6,78000,1,,42,1,10005051102-1627-2577,,
H,1,916508,300,3,10,102000,2,10005051102-1627,10005051102,-7.50771860955037E1,3.87123378192405E1,P,102,10,2,71,1,,1,1,6,24000,1,,34,1,10005051102-1627-2578,,
H,1,599874,300,3,10,105200,2,10005051102-1628,10005051102,-7.5075574134729E1,3.87126244315625E1,P,300,10,2,82,1,,0,1,6,40700,1,,42,1,10005051102-1628-2579,,
H,1,599874,300,3,10,105200,2,10005051102-1628,10005051102,-7.5075574134729E1,3.87126244315625E1,P,300,10,1,74,1,,1,1,6,64500,1,,42,1,10005051102-1628-2580,,
H,1,278213,300,3,10,149300,2,10005051102-1629,10005051102,-7.50765023694037E1,3.87126735146926E1,P,102,10,1,82,1,,0,1,6,111600,1,,36,1,10005051102-1629-2581,,
H,1,278213,300,3,10,149300,2,10005051102-1629,10005051102,-7.50765023694037E1,3.87126735146926E1,P,102,10,2,82,1,,1,1,6,37700,1,,36,1,10005051102-1629-2582,,
H,1,138194,300,3,10,164800,2,10005051102-1630,10005051102,-7.50770866927116E1,3.87120580729234E1,P,300,10,1,75,1,,0,1,1,115600,1,4850,36,1,10005051102-1630-2583,,892300138
H,1,138194,300,3,10,164800,2,10005051102-1630,10005051102,-7.50770866927116E1,3.87120580729234E1,P,300,10,2,69,1,,1,1,6,49200,1,,34,1,10005051102-1630-2584,,
H,1,1177791,300,3,10,128600,2,10005051102-1631,10005051102,-7.50773641465541E1,3.87124855400636E1,P,300,10,1,80,1,,0,1,6,114300,1,,11,1,10005051102-1631-2585,,
H,1,1177791,300,3,10,128600,2,10005051102-1631,10005051102,-7.50773641465541E1,3.87124855400636E1,P,300,10,2,79,1,,1,1,6,14300,1,,11,1,10005051102-1631-2586,,
H,1,245693,300,3,10,141250,2,10005051102-1632,10005051102,-7.50778486297855E1,3.8712490608814E1,P,300,10,1,83,1,,0,1,6,114300,1,,42,1,10005051102-1632-2587,,
H,1,245693,300,3,10,141250,2,10005051102-1632,10005051102,-7.50778486297855E1,3.8712490608814E1,P,300,10,2,66,1,,1,1,6,26950,1,,42,1,10005051102-1632-2588,,
H,1,341548,300,3,10,129500,2,10005051102-1633,10005051102,-7.50779992954903E1,3.87125635576774E1,P,300,10,2,75,1,,0,1,6,40500,1,,36,1,10005051102-1633-2589,,
H,1,341548,300,3,10,129500,2,10005051102-1633,10005051102,-7.50779992954903E1,3.87125635576774E1,P,300,10,1,74,1,,1,1,1,89000,1,4700,36,1,10005051102-1633-2590,,304069537
H,1,317050,300,3,10,112000,2,10005051102-1634,10005051102,-7.50758485308548E1,3.87122719683005E1,P,103,10,2,76,1,,0,1,6,11000,2,,164,1,10005051102-1634-2591,,
H,1,317050,300,3,10,112000,2,10005051102-1634,10005051102,-7.50758485308548E1,3.87122719683005E1,P,103,10,1,84,1,,1,1,6,101000,2,,164,1,10005051102-1634-2592,,
H,1,1177791,300,3,10,128600,2,10005051102-1635,10005051102,-7.50847338455378E1,3.87118898763993E1,P,300,10,1,80,1,,0,1,6,114300,1,,11,1,10005051102-1635-2593,,
H,1,1177791,300,3,10,128600,2,10005051102-1635,10005051102,-7.50847338455378E1,3.87118898763993E1,P,300,10,2,79,1,,1,1,6,14300,1,,11,1,10005051102-1635-2594,,
H,1,151082,300,3,10,158300,2,10005051102-1636,10005051102,-7.50843116030308E1,3.87125146133291E1,P,300,10,1,79,1,,0,1,1,120500,1,3010,11,1,10005051102-1636-2595,,657262440
H,1,151082,300,3,10,158300,2,10005051102-1636,10005051102,-7.50843116030308E1,3.87125146133291E1,P,300,10,2,76,1,,1,1,6,37800,1,,11,1,10005051102-1636-2596,,
H,1,278213,300,3,10,149300,2,10005051102-1637,10005051102,-7.50847199413132E1,3.87127974646925E1,P,102,10,1,82,1,,0,1,6,111600,1,,36,1,10005051102-1637-2597,,
H,1,278213,300,3,10,149300,2,10005051102-1637,10005051102,-7.50847199413132E1,3.87127974646925E1,P,102,10,2,82,1,,1,1,6,37700,1,,36,1,10005051102-1637-2598,,
H,1,1118236,300,3,10,144100,2,10005051102-1638,10005051102,-7.50846806648257E1,3.8712272690764E1,P,300,10,1,76,1,,0,4,6,137700,1,,10,1,10005051102-1638-2599,,
H,1,1118236,300,3,10,144100,2,10005051102-1638,10005051102,-7.50846806648257E1,3.8712272690764E1,P,300,10,2,73,1,,13,4,6,6400,1,,6,1,10005051102-1638-2600,,
H,1,923367,300,3,10,147000,2,10005051102-1639,10005051102,-7.50846920578994E1,3.87125453339041E1,P,300,10,1,75,1,,0,1,6,122000,1,,10,1,10005051102-1639-2601,,
H,1,923367,300,3,10,147000,2,10005051102-1639,10005051102,-7.50846920578994E1,3.87125453339041E1,P,300,10,2,74,1,,1,1,6,25000,1,,10,1,10005051102-1639-2602,,
H,1,1358248,300,3,10,119700,2,10005051102-1640,10005051102,-7.50847198148492E1,3.87133233825604E1,P,300,10,2,82,1,,0,1,6,15700,1,,34,1,10005051102-1640-2603,,
H,1,1358248,300,3,10,119700,2,10005051102-1640,10005051102,-7.50847198148492E1,3.87133233825604E1,P,300,10,1,83,1,,1,1,6,104000,1,,11,1,10005051102-1640-2604,,
H,1,599874,300,3,10,105200,2,10005051102-1641,10005051102,-7.50843262375811E1,3.87131145040746E1,P,300,10,2,82,1,,0,1,6,40700,1,,42,1,10005051102-1641-2605,,
H,1,599874,300,3,10,105200,2,10005051102-1641,10005051102,-7.50843262375811E1,3.87131145040746E1,P,300,10,1,74,1,,1,1,6,64500,1,,42,1,10005051102-1641-2606,,
H,1,510771,300,3,10,141400,2,10005051102-1642,10005051102,-7.50845561129051E1,3.8713077376409E1,P,300,10,1,77,1,,0,1,6,132600,1,,36,1,10005051102-1642-2607,,
H,1,510771,300,3,10,141400,2,10005051102-1642,10005051102,-7.50845561129051E1,3.8713077376409E1,P,300,10,2,76,1,,1,1,6,8800,1,,55,1,10005051102-1642-2608,,
H,1,1177791,300,3,10,128600,2,10005051102-1643,10005051102,-7.50852304828292E1,3.87130066023291E1,P,300,10,1,80,1,,0,1,6,114300,1,,11,1,10005051102-1643-2609,,
H,1,1177791,300,3,10,128600,2,10005051102-1643,10005051102,-7.50852304828292E1,3.87130066023291E1,P,300,10,2,79,1,,1,1,6,14300,1,,11,1,10005051102-1643-2610,,
H,1,105458,300,3,10,186800,2,10005051102-1644,10005051102,-7.50754717562922E1,3.87127767662624E1,P,101,10,1,84,1,,0,1,6,16800,1,,10,1,10005051102-1644-2611,,
H,1,105458,300,3,10,186800,2,10005051102-1644,10005051102,-7.50754717562922E1,3.87127767662624E1,P,101,10,1,49,1,,2,1,1,170000,1,7340,10,1,10005051102-1644-2612,,121575138
H,1,341548,300,3,10,129500,2,10005051102-1645,10005051102,-7.50848808734607E1,3.87124920553145E1,P,300,10,2,75,1,,0,1,6,40500,1,,36,1,10005051102-1645-2613,,
H,1,341548,300,3,10,129500,2,10005051102-1645,10005051102,-7.50848808734607E1,3.87124920553145E1,P,300,10,1,74,1,,1,1,1,89000,1,4700,36,1,10005051102-1645-2614,,816368500
H,1,607065,300,3,10,122600,2,10005051102-1646,10005051102,-7.50850424216918E1,3.87128174558964E1,P,300,10,1,77,1,,0,1,6,113000,1,430,36,1,10005051102-1646-2615,,
H,1,607065,300,3,10,122600,2,10005051102-1646,10005051102,-7.50850424216918E1,3.87128174558964E1,P,300,10,2,71,1,,1,1,1,9600,1,4620,42,1,10005051102-1646-2616,,816371603
H,1,151082,300,3,10,158300,2,10005051102-1647,10005051102,-7.50847131069975E1,3.87123996345063E1,P,300,10,1,79,1,,0,1,1,120500,1,3010,11,1,10005051102-1647-2617,,9145244
H,1,151082,300,3,10,158300,2,10005051102-1647,10005051102,-7.50847131069975E1,3.87123996345063E1,P,300,10,2,76,1,,1,1,6,37800,1,,11,1,10005051102-1647-2618,,
H,1,376290,300,3,10,130600,2,10005051102-1648,10005051102,-7.50850517552332E1,3.87130886191485E1,P,300,10,1,75,1,,0,1,1,56200,1,5310,10,1,10005051102-1648-2619,,121610729
H,1,376290,300,3,10,130600,2,10005051102-1648,10005051102,-7.50850517552332E1,3.87130886191485E1,P,300,10,2,63,1,,1,1,6,74400,1,,10,1,10005051102-1648-2620,,
H,1,607065,300,3,10,122600,2,10005051102-1649,10005051102,-7.50845880308748E1,3.87122367569001E1,P,300,10,1,77,1,,0,1,6,113000,1,430,36,1,10005051102-1649-2621,,
H,1,607065,300,3,10,122600,2,10005051102-1649,10005051102,-7.50845880308748E1,3.87122367569001E1,P,300,10,2,71,1,,1,1,1,9600,1,4620,42,1,10005051102-1649-2622,,678075656
H,1,923367,300,3,10,147000,2,10005051102-1650,10005051102,-7.50848913968412E1,3.87121676160906E1,P,300,10,1,75,1,,0,1,6,122000,1,,10,1,10005051102-1650-2623,,
H,1,923367,300,3,10,147000,2,10005051102-1650,10005051102,-7.50848913968412E1,3.87121676160906E1,P,300,10,2,74,1,,1,1,6,25000,1,,10,1,10005051102-1650-2624,,
H,1,916508,300,3,10,102000,2,10005051102-1651,10005051102,-7.5085075865259E1,3.87129109870487E1,P,102,10,1,79,1,,0,1,6,78000,1,,42,1,10005051102-1651-2625,,
H,1,916508,300,3,10,102000,2,10005051102-1651,10005051102,-7.5085075865259E1,3.87129109870487E1,P,102,10,2,71,1,,1,1,6,24000,1,,34,1,10005051102-1651-2626,,
H,1,916508,300,3,10,102000,2,10005051102-1652,10005051102,-7.50850061852012E1,3.87126543224108E1,P,102,10,1,79,1,,0,1,6,78000,1,,42,1,10005051102-1652-2627,,
H,1,916508,300,3,10,102000,2,10005051102-1652,10005051102,-7.50850061852012E1,3.87126543224108E1,P,102,10,2,71,1,,1,1,6,24000,1,,34,1,10005051102-1652-2628,,
H,1,245693,300,3,10,141250,2,10005051102-1653,10005051102,-7.5085290624263E1,3.87121345103407E1,P,300,10,1,83,1,,0,1,6,114300,1,,42,1,10005051102-1653-2629,,
H,1,245693,300,3,10,141250,2,10005051102-1653,10005051102,-7.5085290624263E1,3.87121345103407E1,P,300,10,2,66,1,,1,1,6,26950,1,,42,1,10005051102-1653-2630,,
H,1,317050,300,3,10,112000,2,10005051102-1654,10005051102,-7.50854390516612E1,3.87111050665696E1,P,103,10,2,76,1,,0,1,6,11000,2,,164,1,10005051102-1654-2631,,
H,1,317050,300,3,10,112000,2,10005051102-1654,10005051102,-7.50854390516612E1,3.87111050665696E1,P,103,10,1,84,1,,1,1,6,101000,2,,164,1,10005051102-1654-2632,,
H,1,1177791,300,3,10,128600,2,10005051102-1655,10005051102,-7.50857152159597E1,3.87110434010557E1,P,300,10,1,80,1,,0,1,6,114300,1,,11,1,10005051102-1655-2633,,
H,1,1177791,300,3,10,128600,2,10005051102-1655,10005051102,-7.50857152159597E1,3.87110434010557E1,P,300,10,2,79,1,,1,1,6,14300,1,,11,1,10005051102-1655-2634,,
H,1,278213,300,3,10,149300,2,10005051102-1656,10005051102,-7.50851628123324E1,3.87111561601122E1,P,102,10,1,82,1,,0,1,6,111600,1,,36,1,10005051102-1656-2635,,
H,1,278213,300,3,10,149300,2,10005051102-1656,10005051102,-7.50851628123324E1,3.87111561601122E1,P,102,10,2,82,1,,1,1,6,37700,1,,36,1,10005051102-1656-2636,,
H,1,165960,300,3,10,164000,2,10005051102-1657,10005051102,-7.50853158019986E1,3.87123215567641E1,P,102,10,2,80,1,,0,1,6,59000,1,,10,1,10005051102-1657-2637,,
H,1,165960,300,3,10,164000,2,10005051102-1657,10005051102,-7.50853158019986E1,3.87123215567641E1,P,102,10,1,82,1,,1,1,6,105000,1,,42,1,10005051102-1657-2638,,
H,1,601392,300,3,10,170800,2,10005051102-1658,10005051102,-7.50857732289325E1,3.87118664883911E1,P,300,10,1,78,1,,0,1,1,165800,1,4750,13,1,10005051102-1658-2639,,423044072
H,1,601392,300,3,10,170800,2,10005051102-1658,10005051102,-7.50857732289325E1,3.87118664883911E1,P,300,10,2,76,1,,1,1,6,5000,1,,10,9,10005051102-1658-2640,,
H,1,1400253,300,3,10,119600,2,10005051102-1659,10005051102,-7.50856197245047E1,3.87114110830933E1,P,103,10,1,93,1,,0,1,6,63200,1,,36,1,10005051102-1659-2641,,
H,1,1400253,300,3,10,119600,2,10005051102-1659,10005051102,-7.50856197245047E1,3.87114110830933E1,P,103,10,2,93,1,,1,1,6,56400,1,,36,1,10005051102-1659-2642,,
H,1,1400253,300,3,10,119600,2,10005051102-1660,10005051102,-7.50854894520098E1,3.8712449272729E1,P,103,10,1,93,1,,0,1,6,63200,1,,36,1,10005051102-1660-2643,,
H,1,1400253,300,3,10,119600,2,10005051102-1660,10005051102,-7.50854894520098E1,3.8712449272729E1,P,103,10,2,93,1,,1,1,6,56400,1,,36,1,10005051102-1660-2644,,
H,1,848514,300,3,10,198000,2,10005051102-1661,10005051102,-7.5085613484681E1,3.87122857690664E1,P,102,10,1,85,1,,0,1,6,144000,1,,1,1,10005051102-1661-2645,,
H,1,848514,300,3,10,198000,2,10005051102-1661,10005051102,-7.5085613484681E1,3.87122857690664E1,P,102,10,2,58,1,,2,1,6,54000,1,2200,45,1,10005051102-1661-2646,,
H,1,848514,300,3,10,198000,2,10005051102-1662,10005051102,-7.50857210374863E1,3.87119457088806E1,P,102,10,1,85,1,,0,1,6,144000,1,,1,1,10005051102-1662-2647,,
H,1,848514,300,3,10,198000,2,10005051102-1662,10005051102,-7.50857210374863E1,3.87119457088806E1,P,102,10,2,58,1,,2,1,6,54000,1,2200,45,1,10005051102-1662-2648,,
H,1,935164,300,3,10,110100,2,10005051102-1663,10005051102,-7.50857614181903E1,3.8712534592938E1,P,200,10,1,93,1,,0,1,1,103100,1,8320,10,1,10005051102-1663-2649,,635011091
H,1,935164,300,3,10,110100,2,10005051102-1663,10005051102,-7.50857614181903E1,3.8712534592938E1,P,200,10,2,93,1,,1,1,6,7000,1,,10,1,10005051102-1663-2650,,
H,1,28286,300,3,10,120800,2,10005051102-1664,10005051102,-7.50856737063407E1,3.87130358638414E1,P,300,10,1,86,1,,0,1,6,116800,1,,39,1,10005051102-1664-2651,,
H,1,28286,300,3,10,120800,2,10005051102-1664,10005051102,-7.50856737063407E1,3.87130358638414E1,P,300,10,2,86,1,,1,1,6,4000,1,,39,1,10005051102-1664-2652,,
H,1,1400253,300,3,10,119600,2,10005051102-1665,10005051102,-7.50854762911341E1,3.87132008077862E1,P,103,10,1,93,1,,0,1,6,63200,1,,36,1,10005051102-1665-2653,,
H,1,1400253,300,3,10,119600,2,10005051102-1665,10005051102,-7.50854762911341E1,3.87132008077862E1,P,103,10,2,93,1,,1,1,6,56400,1,,36,1,10005051102-1665-2654,,
H,1,1400253,300,3,10,119600,2,10005051102-1666,10005051102,-7.50857830075617E1,3.87125772420084E1,P,103,10,1,93,1,,0,1,6,63200,1,,36,1,10005051102-1666-2655,,
H,1,1400253,300,3,10,119600,2,10005051102-1666,10005051102,-7.50857830075617E1,3.87125772420084E1,P,103,10,2,93,1,,1,1,6,56400,1,,36,1,10005051102-1666-2656,,
H,1,935164,300,3,10,110100,2,10005051102-1667,10005051102,-7.50852750222001E1,3.87124967601854E1,P,200,10,1,93,1,,0,1,1,103100,1,8320,10,1,10005051102-1667-2657,,697160026
H,1,935164,300,3,10,110100,2,10005051102-1667,10005051102,-7.50852750222001E1,3.87124967601854E1,P,200,10,2,93,1,,1,1,6,7000,1,,10,1,10005051102-1667-2658,,
H,1,28286,300,3,10,120800,2,10005051102-1668,10005051102,-7.50896783418598E1,3.87128310400667E1,P,300,10,1,86,1,,0,1,6,116800,1,,39,1,10005051102-1668-2659,,
H,1,28286,300,3,10,120800,2,10005051102-1668,10005051102,-7.50896783418598E1,3.87128310400667E1,P,300,10,2,86,1,,1,1,6,4000,1,,39,1,10005051102-1668-2660,,
H,1,1400253,300,3,10,119600,2,10005051102-1669,10005051102,-7.50903056782241E1,3.87115030539428E1,P,103,10,1,93,1,,0,1,6,63200,1,,36,1,10005051102-1669-2661,,
H,1,1400253,300,3,10,119600,2,10005051102-1669,10005051102,-7.50903056782241E1,3.87115030539428E1,P,103,10,2,93,1,,1,1,6,56400,1,,36,1,10005051102-1669-2662,,
H,1,541108,300,3,10,107500,2,10005051102-1670,10005051102,-7.5090675032398E1,3.87120526405444E1,P,300,10,2,88,1,,0,1,6,97000,1,,17,1,10005051102-1670-2663,,
H,1,541108,300,3,10,107500,2,10005051102-1670,10005051102,-7.5090675032398E1,3.87120526405444E1,P,300,10,1,76,1,,12,1,6,10500,1,,42,1,10005051102-1670-2664,,
H,1,935164,300,3,10,110100,2,10005051102-1671,10005051102,-7.5090651562497E1,3.87118147635584E1,P,200,10,1,93,1,,0,1,1,103100,1,8320,10,1,10005051102-1671-2665,,933687352
H,1,935164,300,3,10,110100,2,10005051102-1671,10005051102,-7.5090651562497E1,3.87118147635584E1,P,200,10,2,93,1,,1,1,6,7000,1,,10,1,10005051102-1671-2666,,
H,1,541108,300,3,10,107500,2,10005051102-1672,10005051102,-7.50905753153542E1,3.87117109965911E1,P,300,10,2,88,1,,0,1,6,97000,1,,17,1,10005051102-1672-2667,,
H,1,541108,300,3,10,107500,2,10005051102-1672,10005051102,-7.50905753153542E1,3.87117109965911E1,P,300,10,1,76,1,,12,1,6,10500,1,,42,1,10005051102-1672-2668,,
H,1,935164,300,3,10,110100,2,10005051102-1673,10005051102,-7.50896471242701E1,3.87126530660678E1,P,200,10,1,93,1,,0,1,1,103100,1,8320,10,1,10005051102-1673-2669,,597325265
H,1,935164,300,3,10,110100,2,10005051102-1673,10005051102,-7.50896471242701E1,3.87126530660678E1,P,200,10,2,93,1,,1,1,6,7000,1,,10,1,10005051102-1673-2670,,
H,1,541108,300,3,10,107500,2,10005051102-1674,10005051102,-7.50892405009652E1,3.87130384558825E1,P,300,10,2,88,1,,0,1,6,97000,1,,17,1,10005051102-1674-2671,,
H,1,541108,300,3,10,107500,2,10005051102-1674,10005051102,-7.50892405009652E1,3.87130384558825E1,P,300,10,1,76,1,,12,1,6,10500,1,,42,1,10005051102-1674-2672,,
H,1,1400253,300,3,10,119600,2,10005051102-1675,10005051102,-7.50896617838561E1,3.8712647046938E1,P,103,10,1,93,1,,0,1,6,63200,1,,36,1,10005051102-1675-2673,,
H,1,1400253,300,3,10,119600,2,10005051102-1675,10005051102,-7.50896617838561E1,3.8712647046938E1,P,103,10,2,93,1,,1,1,6,56400,1,,36,1,10005051102-1675-2674,,
H,1,541108,300,3,10,107500,2,10005051102-1676,10005051102,-7.50908290829504E1,3.87119074812067E1,P,300,10,2,88,1,,0,1,6,97000,1,,17,1,10005051102-1676-2675,,
H,1,541108,300,3,10,107500,2,10005051102-1676,10005051102,-7.50908290829504E1,3.87119074812067E1,P,300,10,1,76,1,,12,1,6,10500,1,,42,1,10005051102-1676-2676,,
H,1,541108,300,3,10,107500,2,10005051102-1677,10005051102,-7.50894905342651E1,3.87130667233327E1,P,300,10,2,88,1,,0,1,6,97000,1,,17,1,10005051102-1677-2677,,
H,1,541108,300,3,10,107500,2,10005051102-1677,10005051102,-7.50894905342651E1,3.87130667233327E1,P,300,10,1,76,1,,12,1,6,10500,1,,42,1,10005051102-1677-2678,,
H,1,921488,300,3,10,160000,2,10005051102-1678,10005051102,-7.50896091797975E1,3.87127019496148E1,P,104,10,2,57,1,,0,3,1,39000,1,2000,36,8,10005051102-1678-2679,,571957596
H,1,921488,300,3,10,160000,2,10005051102-1678,10005051102,-7.50896091797975E1,3.87127019496148E1,P,104,10,1,60,1,,1,3,1,121000,1,20,36,8,10005051102-1678-2680,,540900487
H,1,921488,300,3,10,160000,2,10005051102-1679,10005051102,-7.50893628272171E1,3.87129400559417E1,P,104,10,2,57,1,,0,3,1,39000,1,2000,36,8,10005051102-1679-2681,,423039346
H,1,921488,300,3,10,160000,2,10005051102-1679,10005051102,-7.50893628272171E1,3.87129400559417E1,P,104,10,1,60,1,,1,3,1,121000,1,20,36,8,10005051102-1679-2682,,380093583
H,1,921488,300,3,10,160000,2,10005051102-1680,10005051102,-7.50893467866276E1,3.87127163758992E1,P,104,10,2,57,1,,0,3,1,39000,1,2000,36,8,10005051102-1680-2683,,9145244
H,1,921488,300,3,10,160000,2,10005051102-1680,10005051102,-7.50893467866276E1,3.87127163758992E1,P,104,10,1,60,1,,1,3,1,121000,1,20,36,8,10005051102-1680-2684,,816365654
H,1,921488,300,3,10,160000,2,10005051102-1681,10005051102,-7.50893688067965E1,3.8713345040886E1,P,104,10,2,57,1,,0,3,1,39000,1,2000,36,8,10005051102-1681-2685,,816242267
H,1,921488,300,3,10,160000,2,10005051102-1681,10005051102,-7.50893688067965E1,3.8713345040886E1,P,104,10,1,60,1,,1,3,1,121000,1,20,36,8,10005051102-1681-2686,,816368500
H,1,293786,300,3,10,120000,2,10005051102-1682,10005051102,-7.50903536257556E1,3.8712296957547E1,P,101,10,1,36,3,15,0,1,1,80000,1,1860,10,9,10005051102-1682-2687,,472704287
H,1,293786,300,3,10,120000,2,10005051102-1682,10005051102,-7.50903536257556E1,3.8712296957547E1,P,101,10,1,29,1,,13,1,1,40000,1,120,10,1,10005051102-1682-2688,,455353128
H,1,293786,300,3,10,120000,2,10005051102-1683,10005051102,-7.50910930583133E1,3.87112669679865E1,P,101,10,1,36,3,15,0,1,1,80000,1,1860,10,9,10005051102-1683-2689,,545158602
H,1,293786,300,3,10,120000,2,10005051102-1683,10005051102,-7.50910930583133E1,3.87112669679865E1,P,101,10,1,29,1,,13,1,1,40000,1,120,10,1,10005051102-1683-2690,,455364000
H,1,293786,300,3,10,120000,2,10005051102-1684,10005051102,-7.50908019364101E1,3.8710991558877E1,P,101,10,1,36,3,15,0,1,1,80000,1,1860,10,9,10005051102-1684-2691,,816262810
H,1,293786,300,3,10,120000,2,10005051102-1684,10005051102,-7.50908019364101E1,3.8710991558877E1,P,101,10,1,29,1,,13,1,1,40000,1,120,10,1,10005051102-1684-2692,,816262075
H,1,152802,300,3,10,195000,2,10005051102-1685,10005051102,-7.50910009759696E1,3.87112123322276E1,P,101,10,1,45,1,,0,1,1,143000,1,110,10,9,10005051102-1685-2693,,545158602
H,1,152802,300,3,10,195000,2,10005051102-1685,10005051102,-7.50910009759696E1,3.87112123322276E1,P,101,10,2,48,1,,1,1,1,52000,1,2825,13,1,10005051102-1685-2694,,614162956
H,1,1026094,300,3,10,113200,2,10005051102-1686,10005051102,-7.50910906954811E1,3.8711173996705E1,P,104,10,1,51,1,,0,1,1,55000,1,9130,10,9,10005051102-1686-2695,,309002475
H,1,1026094,300,3,10,113200,2,10005051102-1686,10005051102,-7.50910906954811E1,3.8711173996705E1,P,104,10,2,50,1,,1,1,1,58200,1,5940,42,9,10005051102-1686-2696,,614161180
H,1,152802,300,3,10,195000,2,10005051102-1687,10005051102,-7.50830073345181E1,3.8713158094442E1,P,101,10,1,45,1,,0,1,1,143000,1,110,10,9,10005051102-1687-2697,,423036813
H,1,152802,300,3,10,195000,2,10005051102-1687,10005051102,-7.50830073345181E1,3.8713158094442E1,P,101,10,2,48,1,,1,1,1,52000,1,2825,13,1,10005051102-1687-2698,,300284056
H,1,152802,300,3,10,195000,2,10005051102-1688,10005051102,-7.5083449315827E1,3.87126460835608E1,P,101,10,1,45,1,,0,1,1,143000,1,110,10,9,10005051102-1688-2699,,359420056
H,1,152802,300,3,10,195000,2,10005051102-1688,10005051102,-7.5083449315827E1,3.87126460835608E1,P,101,10,2,48,1,,1,1,1,52000,1,2825,13,1,10005051102-1688-2700,,597617893
H,1,1026094,300,3,10,113200,2,10005051102-1689,10005051102,-7.50821986121362E1,3.87128980663332E1,P,104,10,1,51,1,,0,1,1,55000,1,9130,10,9,10005051102-1689-2701,,121583322
H,1,1026094,300,3,10,113200,2,10005051102-1689,10005051102,-7.50821986121362E1,3.87128980663332E1,P,104,10,2,50,1,,1,1,1,58200,1,5940,42,9,10005051102-1689-2702,,966212177
H,1,1447525,300,3,10,107800,2,10005051102-1690,10005051102,-7.50821079369584E1,3.87130729131605E1,P,104,10,2,66,1,,0,1,1,69100,1,5700,29,9,10005051102-1690-2703,,816198386
H,1,1447525,300,3,10,107800,2,10005051102-1690,10005051102,-7.50821079369584E1,3.87130729131605E1,P,104,10,1,78,1,,1,1,6,38700,1,,10,1,10005051102-1690-2704,,
H,1,1447525,300,3,10,107800,2,10005051102-1691,10005051102,-7.50822837461321E1,3.87128760381846E1,P,104,10,2,66,1,,0,1,1,69100,1,5700,29,9,10005051102-1691-2705,,493545495
H,1,1447525,300,3,10,107800,2,10005051102-1691,10005051102,-7.50822837461321E1,3.87128760381846E1,P,104,10,1,78,1,,1,1,6,38700,1,,10,1,10005051102-1691-2706,,
H,1,1447525,300,3,10,107800,2,10005051102-1692,10005051102,-7.5082124985344E1,3.87128914010687E1,P,104,10,2,66,1,,0,1,1,69100,1,5700,29,9,10005051102-1692-2707,,121610729
H,1,1447525,300,3,10,107800,2,10005051102-1692,10005051102,-7.5082124985344E1,3.87128914010687E1,P,104,10,1,78,1,,1,1,6,38700,1,,10,1,10005051102-1692-2708,,
H,1,1447525,300,3,10,107800,2,10005051102-1693,10005051102,-7.50839112016706E1,3.87128698302105E1,P,104,10,2,66,1,,0,1,1,69100,1,5700,29,9,10005051102-1693-2709,,816245120
H,1,1447525,300,3,10,107800,2,10005051102-1693,10005051102,-7.50839112016706E1,3.87128698302105E1,P,104,10,1,78,1,,1,1,6,38700,1,,10,1,10005051102-1693-2710,,
H,1,1136081,300,3,10,209000,2,10005051102-1694,10005051102,-7.50838387670088E1,3.87127564219353E1,P,104,10,2,29,1,,0,1,1,49000,1,2310,39,1,10005051102-1694-2711,,374755510
H,1,1136081,300,3,10,209000,2,10005051102-1694,10005051102,-7.50838387670088E1,3.87127564219353E1,P,104,10,1,34,1,,1,1,1,160000,1,8600,41,1,10005051102-1694-2712,,597617893
H,1,960685,300,3,10,386000,2,10005051102-1695,10005051102,-7.50828843466402E1,3.87125451550212E1,P,300,10,2,43,1,,0,1,1,123000,1,800,6,1,10005051102-1695-2713,,933685448
H,1,960685,300,3,10,386000,2,10005051102-1695,10005051102,-7.50828843466402E1,3.87125451550212E1,P,300,10,2,66,1,,13,1,1,263000,1,4620,34,1,10005051102-1695-2714,,697159655
H,1,830035,300,3,10,220000,2,10005051102-1696,10005051102,-7.50815455355875E1,3.87130574364695E1,P,300,10,2,43,1,,0,1,1,95000,1,4920,10,1,10005051102-1696-2715,,816245393
H,1,830035,300,3,10,220000,2,10005051102-1696,10005051102,-7.50815455355875E1,3.87130574364695E1,P,300,10,1,43,1,,1,1,1,125000,1,430,24,1,10005051102-1696-2716,,379719636
H,1,331348,300,3,10,206000,2,10005051102-1697,10005051102,-7.50845230914432E1,3.87128602260906E1,P,101,10,1,36,1,,0,1,1,119500,1,3820,36,1,10005051102-1697-2717,,982658866
H,1,331348,300,3,10,206000,2,10005051102-1697,10005051102,-7.50845230914432E1,3.87128602260906E1,P,101,10,2,32,1,,13,1,1,86500,1,4850,42,1,10005051102-1697-2718,,423044072
H,1,960685,300,3,10,386000,2,10005051102-1698,10005051102,-7.50820568619145E1,3.8712641175557E1,P,300,10,2,43,1,,0,1,1,123000,1,800,6,1,10005051102-1698-2719,,597617893
H,1,960685,300,3,10,386000,2,10005051102-1698,10005051102,-7.50820568619145E1,3.8712641175557E1,P,300,10,2,66,1,,13,1,1,263000,1,4620,34,1,10005051102-1698-2720,,121600100
H,1,1402553,300,3,10,380000,2,10005051102-1699,10005051102,-7.5082442137956E1,3.87128283973217E1,P,104,10,2,67,1,,0,1,6,1000,1,,6,1,10005051102-1699-2721,,
H,1,1402553,300,3,10,380000,2,10005051102-1699,10005051102,-7.5082442137956E1,3.87128283973217E1,P,104,10,1,62,1,,1,1,1,379000,1,1410,37,1,10005051102-1699-2722,,816323208
H,1,787383,300,3,10,277000,2,10005051102-1700,10005051102,-7.5083953457921E1,3.87124649932642E1,P,104,10,1,39,1,,0,1,1,151000,1,2100,26,1,10005051102-1700-2723,,374755510
H,1,787383,300,3,10,277000,2,10005051102-1700,10005051102,-7.5083953457921E1,3.87124649932642E1,P,104,10,2,38,1,,1,1,1,126000,1,50,10,1,10005051102-1700-2724,,400853321
H,1,787383,300,3,10,277000,2,10005051102-1701,10005051102,-7.50824395261208E1,3.87125743319467E1,P,104,10,1,39,1,,0,1,1,151000,1,2100,26,1,10005051102-1701-2725,,9145244
H,1,787383,300,3,10,277000,2,10005051102-1701,10005051102,-7.50824395261208E1,3.87125743319467E1,P,104,10,2,38,1,,1,1,1,126000,1,50,10,1,10005051102-1701-2726,,1704683
H,1,960685,300,3,10,386000,2,10005051102-1702,10005051102,-7.50831280114448E1,3.87128583473287E1,P,300,10,2,43,1,,0,1,1,123000,1,800,6,1,10005051102-1702-2727,,716346440
H,1,960685,300,3,10,386000,2,10005051102-1702,10005051102,-7.50831280114448E1,3.87128583473287E1,P,300,10,2,66,1,,13,1,1,263000,1,4620,34,1,10005051102-1702-2728,,892290206
H,1,824058,300,3,10,283000,2,10005051102-1703,10005051102,-7.50840750944107E1,3.87126801811552E1,P,103,10,2,44,1,,0,1,1,30000,1,4020,42,1,10005051102-1703-2729,,816368500
H,1,824058,300,3,10,283000,2,10005051102-1703,10005051102,-7.50840750944107E1,3.87126801811552E1,P,103,10,2,51,1,,11,1,1,253000,1,2100,22,1,10005051102-1703-2730,,611224411
H,1,819395,300,3,10,220801,2,10005051102-1704,10005051102,-7.50815911507428E1,3.8713194314858E1,P,102,10,2,37,1,,0,1,1,98800,1,650,25,1,10005051102-1704-2731,,472704287
H,1,819395,300,3,10,220801,2,10005051102-1704,10005051102,-7.50815911507428E1,3.8713194314858E1,P,102,10,1,42,1,,1,1,1,122001,1,1530,6,1,10005051102-1704-2732,,1165745
H,1,960685,300,3,10,386000,2,10005051102-1705,10005051102,-7.5080311072045E1,3.87129223439628E1,P,300,10,2,43,1,,0,1,1,123000,1,800,6,1,10005051102-1705-2733,,455353722
H,1,960685,300,3,10,386000,2,10005051102-1705,10005051102,-7.5080311072045E1,3.87129223439628E1,P,300,10,2,66,1,,13,1,1,263000,1,4620,34,1,10005051102-1705-2734,,620139949
H,1,57735,300,3,10,208000,2,10005051102-1706,10005051102,-7.5078764312933E1,3.87129326961183E1,P,104,10,2,44,1,,0,1,1,208000,2,4710,301,1,10005051102-1706-2735,,423031418
H,1,57735,300,3,10,208000,2,10005051102-1706,10005051102,-7.5078764312933E1,3.87129326961183E1,P,104,10,2,14,3,10,2,1,,,1,,12,1,10005051102-1706-2736,A0101590,
H,1,1140786,300,3,10,226000,2,10005051102-1707,10005051102,-7.50805128242416E1,3.87129978806785E1,P,200,10,1,36,1,,0,1,4,123000,1,3255,1,1,10005051102-1707-2737,,541555462
H,1,1140786,300,3,10,226000,2,10005051102-1707,10005051102,-7.50805128242416E1,3.87129978806785E1,P,200,10,2,39,1,,1,1,1,103000,1,3320,10,1,10005051102-1707-2738,,816365654
H,1,787383,300,3,10,277000,2,10005051102-1708,10005051102,-7.50796806233335E1,3.87131010551858E1,P,104,10,1,39,1,,0,1,1,151000,1,2100,26,1,10005051102-1708-2739,,1165745
H,1,787383,300,3,10,277000,2,10005051102-1708,10005051102,-7.50796806233335E1,3.87131010551858E1,P,104,10,2,38,1,,1,1,1,126000,1,50,10,1,10005051102-1708-2740,,393639513
H,1,314386,300,3,10,255000,2,10005051102-1709,10005051102,-7.5079227036221E1,3.87130660502647E1,P,101,10,2,44,1,,0,1,1,120000,1,2850,19,1,10005051102-1709-2741,,400853321
H,1,314386,300,3,10,255000,2,10005051102-1709,10005051102,-7.5079227036221E1,3.87130660502647E1,P,101,10,1,48,1,,15,1,1,135000,2,430,212,1,10005051102-1709-2742,,597334028
H,1,787383,300,3,10,277000,2,10005051102-1710,10005051102,-7.50813791132594E1,3.8713166242542E1,P,104,10,1,39,1,,0,1,1,151000,1,2100,26,1,10005051102-1710-2743,,965716327
H,1,787383,300,3,10,277000,2,10005051102-1710,10005051102,-7.50813791132594E1,3.8713166242542E1,P,104,10,2,38,1,,1,1,1,126000,1,50,10,1,10005051102-1710-2744,,423044072
H,1,960685,300,3,10,386000,2,10005051102-1711,10005051102,-7.50785723113921E1,3.87132315391812E1,P,300,10,2,43,1,,0,1,1,123000,1,800,6,1,10005051102-1711-2745,,472703958
H,1,960685,300,3,10,386000,2,10005051102-1711,10005051102,-7.50785723113921E1,3.87132315391812E1,P,300,10,2,66,1,,13,1,1,263000,1,4620,34,1,10005051102-1711-2746,,816177158
H,1,819395,300,3,10,220801,2,10005051102-1712,10005051102,-7.50798470650612E1,3.87131798480392E1,P,102,10,2,37,1,,0,1,1,98800,1,650,25,1,10005051102-1712-2747,,816173652
H,1,819395,300,3,10,220801,2,10005051102-1712,10005051102,-7.50798470650612E1,3.87131798480392E1,P,102,10,1,42,1,,1,1,1,122001,1,1530,6,1,10005051102-1712-2748,,307842658
H,1,57735,300,3,10,208000,2,10005051102-1713,10005051102,-7.50800566071368E1,3.87129102899277E1,P,104,10,2,44,1,,0,1,1,208000,2,4710,301,1,10005051102-1713-2749,,455364703
H,1,57735,300,3,10,208000,2,10005051102-1713,10005051102,-7.50800566071368E1,3.87129102899277E1,P,104,10,2,14,3,10,2,1,,,1,,12,1,10005051102-1713-2750,A0101631,
H,1,862494,300,3,10,264000,2,10005051102-1714,10005051102,-7.50784488853773E1,3.87134393584934E1,P,102,10,2,51,1,,0,1,1,130000,1,110,34,1,10005051102-1714-2751,,816368500
H,1,862494,300,3,10,264000,2,10005051102-1714,10005051102,-7.50784488853773E1,3.87134393584934E1,P,102,10,1,53,1,,1,1,1,134000,1,1020,42,1,10005051102-1714-2752,,176076321
H,1,1262318,300,3,10,468000,2,10005051102-1715,10005051102,-7.50800155355883E1,3.87130249590756E1,P,103,10,1,54,1,,0,1,1,438000,1,5240,36,1,10005051102-1715-2753,,121599914
H,1,1262318,300,3,10,468000,2,10005051102-1715,10005051102,-7.50800155355883E1,3.87130249590756E1,P,103,10,2,53,1,,1,1,1,30000,1,4510,10,1,10005051102-1715-2754,,223575945
H,1,341879,300,3,10,215000,2,10005051102-1716,10005051102,-7.50800255255384E1,3.87129435489638E1,P,101,10,2,45,1,,0,1,1,215000,1,10,10,1,10005051102-1716-2755,,545158602
H,1,341879,300,3,10,215000,2,10005051102-1716,10005051102,-7.50800255255384E1,3.87129435489638E1,P,101,10,2,16,3,13,2,1,6,0,1,,10,1,10005051102-1716-2756,00249996,
H,1,341879,300,3,10,215000,2,10005051102-1717,10005051102,-7.50801487318174E1,3.87130999572961E1,P,101,10,2,45,1,,0,1,1,215000,1,10,10,1,10005051102-1717-2757,,121592216
H,1,341879,300,3,10,215000,2,10005051102-1717,10005051102,-7.50801487318174E1,3.87130999572961E1,P,101,10,2,16,3,13,2,1,6,0,1,,10,1,10005051102-1717-2758,00249963,
H,1,228280,300,3,10,399100,2,10005051102-1718,10005051102,-7.50812411097405E1,3.87132726755763E1,P,102,10,2,51,1,,0,1,1,21100,1,5700,10,1,10005051102-1718-2759,,597617893
H,1,228280,300,3,10,399100,2,10005051102-1718,10005051102,-7.50812411097405E1,3.87132726755763E1,P,102,10,1,65,1,,1,1,1,378000,1,10,10,1,10005051102-1718-2760,,368683785
H,1,74865,300,3,10,213000,2,10005051102-1719,10005051102,-7.5080705345483E1,3.87128114539574E1,P,104,10,2,52,1,,0,1,1,88000,1,4850,42,1,10005051102-1719-2761,,652454695
H,1,74865,300,3,10,213000,2,10005051102-1719,10005051102,-7.5080705345483E1,3.87128114539574E1,P,104,10,1,61,1,,1,1,1,125000,1,4850,10,1,10005051102-1719-2762,,571957836
H,1,1246775,300,3,10,271000,2,10005051102-1720,10005051102,-7.507922887454E1,3.8712864647038E1,P,102,10,2,47,1,,0,1,1,131000,1,300,25,1,10005051102-1720-2763,,242102382
H,1,1246775,300,3,10,271000,2,10005051102-1720,10005051102,-7.507922887454E1,3.8712864647038E1,P,102,10,1,46,1,,1,1,1,140000,1,220,10,1,10005051102-1720-2764,,816244545
H,1,271135,300,3,10,210000,2,10005051102-1721,10005051102,-7.50802613826752E1,3.87128585395274E1,P,104,10,2,50,1,,0,1,2,150000,1,1050,42,1,10005051102-1721-2765,,375122702
H,1,271135,300,3,10,210000,2,10005051102-1721,10005051102,-7.50802613826752E1,3.87128585395274E1,P,104,10,1,39,1,,13,1,1,60000,2,1050,233,6,10005051102-1721-2766,,816365654
H,1,200100,300,3,10,219300,2,10005051102-1722,10005051102,-7.50788135740174E1,3.87130163756012E1,P,102,10,1,53,1,,0,1,1,94800,1,2200,9,1,10005051102-1722-2767,,966213027
H,1,200100,300,3,10,219300,2,10005051102-1722,10005051102,-7.50788135740174E1,3.87130163756012E1,P,102,10,2,51,1,,1,1,1,124500,1,2200,17,1,10005051102-1722-2768,,816242499
H,1,200100,300,3,10,219300,2,10005051102-1723,10005051102,-7.50767530651868E1,3.87133285733021E1,P,102,10,1,53,1,,0,1,1,94800,1,2200,9,1,10005051102-1723-2769,,909457061
H,1,200100,300,3,10,219300,2,10005051102-1723,10005051102,-7.50767530651868E1,3.87133285733021E1,P,102,10,2,51,1,,1,1,1,124500,1,2200,17,1,10005051102-1723-2770,,223571464
H,1,740720,300,3,10,462000,2,10005051102-1724,10005051102,-7.50776928574723E1,3.8713154476291E1,P,102,10,2,54,1,,0,1,1,5000,1,5240,36,1,10005051102-1724-2771,,9145244
H,1,740720,300,3,10,462000,2,10005051102-1724,10005051102,-7.50776928574723E1,3.8713154476291E1,P,102,10,1,55,1,,1,1,1,457000,1,2100,10,1,10005051102-1724-2772,,1704683
H,1,228280,300,3,10,399100,2,10005051102-1725,10005051102,-7.50780611021906E1,3.87135705476696E1,P,102,10,2,51,1,,0,1,1,21100,1,5700,10,1,10005051102-1725-2773,,304069560
H,1,228280,300,3,10,399100,2,10005051102-1725,10005051102,-7.50780611021906E1,3.87135705476696E1,P,102,10,1,65,1,,1,1,1,378000,1,10,10,1,10005051102-1725-2774,,374755510
H,1,341879,300,3,10,215000,2,10005051102-1726,10005051102,-7.50776220295378E1,3.87135855713402E1,P,101,10,2,45,1,,0,1,1,215000,1,10,10,1,10005051102-1726-2775,,206832917
H,1,341879,300,3,10,215000,2,10005051102-1726,10005051102,-7.50776220295378E1,3.87135855713402E1,P,101,10,2,16,3,13,2,1,6,0,1,,10,1,10005051102-1726-2776,A1100471,
H,1,13766,300,3,10,388000,2,10005051102-1727,10005051102,-7.5077271775728E1,3.87132468066734E1,P,300,10,2,54,1,,0,1,1,10000,1,3255,25,1,10005051102-1727-2777,,518051966
H,1,13766,300,3,10,388000,2,10005051102-1727,10005051102,-7.5077271775728E1,3.87132468066734E1,P,300,10,1,53,1,,1,1,1,378000,1,2100,10,1,10005051102-1727-2778,,238491351
H,1,1344945,300,3,10,240000,2,10005051102-1728,10005051102,-7.5077231702842E1,3.87133577082617E1,P,300,10,1,49,1,,0,1,1,130000,1,3255,13,1,10005051102-1728-2779,,354566622
H,1,1344945,300,3,10,240000,2,10005051102-1728,10005051102,-7.5077231702842E1,3.87133577082617E1,P,300,10,1,62,1,,13,1,1,110000,1,1006,36,1,10005051102-1728-2780,,715925699
H,1,341879,300,3,10,215000,2,10005051102-1729,10005051102,-7.507738486757E1,3.87133073016358E1,P,101,10,2,45,1,,0,1,1,215000,1,10,10,1,10005051102-1729-2781,,545158602
H,1,341879,300,3,10,215000,2,10005051102-1729,10005051102,-7.507738486757E1,3.87133073016358E1,P,101,10,2,16,3,13,2,1,6,0,1,,10,1,10005051102-1729-2782,00249963,
H,1,862494,300,3,10,264000,2,10005051102-1730,10005051102,-7.50772142875768E1,3.8713237219338E1,P,102,10,2,51,1,,0,1,1,130000,1,110,34,1,10005051102-1730-2783,,223575861
H,1,862494,300,3,10,264000,2,10005051102-1730,10005051102,-7.50772142875768E1,3.8713237219338E1,P,102,10,1,53,1,,1,1,1,134000,1,1020,42,1,10005051102-1730-2784,,816365852
H,1,13766,300,3,10,388000,2,10005051102-1731,10005051102,-7.50763476312238E1,3.87129660768855E1,P,300,10,2,54,1,,0,1,1,10000,1,3255,25,1,10005051102-1731-2785,,178058046
H,1,13766,300,3,10,388000,2,10005051102-1731,10005051102,-7.50763476312238E1,3.87129660768855E1,P,300,10,1,53,1,,1,1,1,378000,1,2100,10,1,10005051102-1731-2786,,816368500
H,1,740720,300,3,10,462000,2,10005051102-1732,10005051102,-7.50763862383676E1,3.87134034211765E1,P,102,10,2,54,1,,0,1,1,5000,1,5240,36,1,10005051102-1732-2787,,611224999
H,1,740720,300,3,10,462000,2,10005051102-1732,10005051102,-7.50763862383676E1,3.87134034211765E1,P,102,10,1,55,1,,1,1,1,457000,1,2100,10,1,10005051102-1732-2788,,472706928
H,1,1344945,300,3,10,240000,2,10005051102-1733,10005051102,-7.50762031080003E1,3.87132022400912E1,P,300,10,1,49,1,,0,1,1,130000,1,3255,13,1,10005051102-1733-2789,,1704683
H,1,1344945,300,3,10,240000,2,10005051102-1733,10005051102,-7.50762031080003E1,3.87132022400912E1,P,300,10,1,62,1,,13,1,1,110000,1,1006,36,1,10005051102-1733-2790,,493544498
H,1,740720,300,3,10,462000,2,10005051102-1734,10005051102,-7.50770290857046E1,3.87133699133494E1,P,102,10,2,54,1,,0,1,1,5000,1,5240,36,1,10005051102-1734-2791,,121583686
H,1,740720,300,3,10,462000,2,10005051102-1734,10005051102,-7.50770290857046E1,3.87133699133494E1,P,102,10,1,55,1,,1,1,1,457000,1,2100,10,1,10005051102-1734-2792,,250215282
H,1,1344945,300,3,10,240000,2,10005051102-1735,10005051102,-7.5076103599076E1,3.87132201777255E1,P,300,10,1,49,1,,0,1,1,130000,1,3255,13,1,10005051102-1735-2793,,816368500
H,1,1344945,300,3,10,240000,2,10005051102-1735,10005051102,-7.5076103599076E1,3.87132201777255E1,P,300,10,1,62,1,,13,1,1,110000,1,1006,36,1,10005051102-1735-2794,,217304062
H,1,61165,300,3,10,273000,2,10005051102-1736,10005051102,-7.50763545931997E1,3.8712957978568E1,P,300,10,2,58,1,,0,1,6,1000,1,,42,1,10005051102-1736-2795,,
H,1,61165,300,3,10,273000,2,10005051102-1736,10005051102,-7.50763545931997E1,3.8712957978568E1,P,300,10,1,63,1,,1,1,1,272000,1,160,39,1,10005051102-1736-2796,,597617893
H,1,64249,300,3,10,219300,2,10005051102-1737,10005051102,-7.50759486350544E1,3.8713360999927E1,P,103,10,2,56,1,,0,1,1,198000,2,230,139,1,10005051102-1737-2797,,8306680
H,1,64249,300,3,10,219300,2,10005051102-1737,10005051102,-7.50759486350544E1,3.8713360999927E1,P,103,10,2,16,3,13,2,1,6,21300,1,,10,1,10005051102-1737-2798,A1100471,
H,1,602345,300,3,10,632000,2,10005051102-1738,10005051102,-7.50757689658378E1,3.87128014363591E1,P,102,10,1,55,1,,0,1,1,379000,1,2100,10,1,10005051102-1738-2799,,472713403
H,1,602345,300,3,10,632000,2,10005051102-1738,10005051102,-7.50757689658378E1,3.87128014363591E1,P,102,10,2,54,1,,13,1,1,253000,1,2100,10,1,10005051102-1738-2800,,393471180
H,1,211492,300,3,10,202000,2,10005051102-1739,10005051102,-7.5092584626646E1,3.87147073696431E1,P,102,10,1,56,2,16,0,1,1,160000,2,3820,316,1,10005051102-1739-2801,,121607212
H,1,211492,300,3,10,202000,2,10005051102-1739,10005051102,-7.5092584626646E1,3.87147073696431E1,P,102,10,2,54,1,,1,1,1,42000,1,2310,42,1,10005051102-1739-2802,,545158602
H,1,1015353,300,3,10,440000,2,10005051102-1740,10005051102,-7.5076416519078E1,3.87126601840668E1,P,300,10,1,55,3,15,0,1,1,378000,1,4920,10,1,10005051102-1740-2803,,816365845
H,1,1015353,300,3,10,440000,2,10005051102-1740,10005051102,-7.5076416519078E1,3.87126601840668E1,P,300,10,1,56,1,,13,1,1,62000,1,5120,36,1,10005051102-1740-2804,,965716368
H,1,176292,300,3,10,289000,2,10005051102-1741,10005051102,-7.50765573715495E1,3.8713355148166E1,P,102,10,2,56,1,,0,1,1,86000,1,2200,55,1,10005051102-1741-2805,,816368500
H,1,176292,300,3,10,289000,2,10005051102-1741,10005051102,-7.50765573715495E1,3.8713355148166E1,P,102,10,1,58,1,,1,1,1,203000,1,300,25,1,10005051102-1741-2806,,678078221
H,1,257959,300,3,10,210000,2,10005051102-1742,10005051102,-7.50759018017825E1,3.8713244967818E1,P,102,10,1,55,1,,0,1,1,210000,2,110,110,1,10005051102-1742-2807,,816368500
H,1,257959,300,3,10,210000,2,10005051102-1742,10005051102,-7.50759018017825E1,3.8713244967818E1,P,102,10,2,50,1,,1,1,6,0,2,,139,1,10005051102-1742-2808,,
H,1,719212,300,3,10,270000,2,10005051102-1743,10005051102,-7.50757915492553E1,3.8713365472941E1,P,103,10,2,57,1,,0,1,1,150000,1,2000,10,1,10005051102-1743-2809,,614161180
H,1,719212,300,3,10,270000,2,10005051102-1743,10005051102,-7.50757915492553E1,3.8713365472941E1,P,103,10,1,57,1,,1,1,1,120000,1,230,42,1,10005051102-1743-2810,,380093567
H,1,602345,300,3,10,632000,2,10005051102-1744,10005051102,-7.50764925755383E1,3.87131965497466E1,P,102,10,1,55,1,,0,1,1,379000,1,2100,10,1,10005051102-1744-2811,,423032523
H,1,602345,300,3,10,632000,2,10005051102-1744,10005051102,-7.50764925755383E1,3.87131965497466E1,P,102,10,2,54,1,,13,1,1,253000,1,2100,10,1,10005051102-1744-2812,,368683785
H,1,1316990,300,3,10,228000,2,10005051102-1745,10005051102,-7.50772991249163E1,3.8713252955414E1,P,103,10,1,55,1,,0,1,1,130000,1,230,22,1,10005051102-1745-2813,,892293846
H,1,1316990,300,3,10,228000,2,10005051102-1745,10005051102,-7.50772991249163E1,3.8713252955414E1,P,103,10,2,52,1,,1,1,1,98000,2,1450,247,6,10005051102-1745-2814,,9145244
H,1,1015353,300,3,10,440000,2,10005051102-1746,10005051102,-7.50763665450518E1,3.87131772995836E1,P,300,10,1,55,3,15,0,1,1,378000,1,4920,10,1,10005051102-1746-2815,,846204
H,1,1015353,300,3,10,440000,2,10005051102-1746,10005051102,-7.50763665450518E1,3.87131772995836E1,P,300,10,1,56,1,,13,1,1,62000,1,5120,36,1,10005051102-1746-2816,,678075086
H,1,719212,300,3,10,270000,2,10005051102-1747,10005051102,-7.5075740904557E1,3.87126958476157E1,P,103,10,2,57,1,,0,1,1,150000,1,2000,10,1,10005051102-1747-2817,,236110003
H,1,719212,300,3,10,270000,2,10005051102-1747,10005051102,-7.5075740904557E1,3.87126958476157E1,P,103,10,1,57,1,,1,1,1,120000,1,230,42,1,10005051102-1747-2818,,816177158
H,1,719212,300,3,10,270000,2,10005051102-1748,10005051102,-7.50760329822722E1,3.87140407616472E1,P,103,10,2,57,1,,0,1,1,150000,1,2000,10,1,10005051102-1748-2819,,902098714
H,1,719212,300,3,10,270000,2,10005051102-1748,10005051102,-7.50760329822722E1,3.87140407616472E1,P,103,10,1,57,1,,1,1,1,120000,1,230,42,1,10005051102-1748-2820,,816322838
H,1,61165,300,3,10,273000,2,10005051102-1749,10005051102,-7.50759249243967E1,3.87141565748884E1,P,300,10,2,58,1,,0,1,6,1000,1,,42,1,10005051102-1749-2821,,
H,1,61165,300,3,10,273000,2,10005051102-1749,10005051102,-7.50759249243967E1,3.87141565748884E1,P,300,10,1,63,1,,1,1,1,272000,1,160,39,1,10005051102-1749-2822,,518058276
H,1,176292,300,3,10,289000,2,10005051102-1750,10005051102,-7.50759674673176E1,3.87137432150235E1,P,102,10,2,56,1,,0,1,1,86000,1,2200,55,1,10005051102-1750-2823,,452187800
H,1,176292,300,3,10,289000,2,10005051102-1750,10005051102,-7.50759674673176E1,3.87137432150235E1,P,102,10,1,58,1,,1,1,1,203000,1,300,25,1,10005051102-1750-2824,,400853321
H,1,211492,300,3,10,202000,2,10005051102-1751,10005051102,-7.50760253427128E1,3.87139440065538E1,P,102,10,1,56,2,16,0,1,1,160000,2,3820,316,1,10005051102-1751-2825,,571813815
H,1,211492,300,3,10,202000,2,10005051102-1751,10005051102,-7.50760253427128E1,3.87139440065538E1,P,102,10,2,54,1,,1,1,1,42000,1,2310,42,1,10005051102-1751-2826,,400733483
H,1,614799,300,3,10,205000,2,10005051102-1752,10005051102,-7.50758543443672E1,3.87135306931518E1,P,300,10,1,58,1,,0,1,1,145000,1,726,34,1,10005051102-1752-2827,,597323930
H,1,614799,300,3,10,205000,2,10005051102-1752,10005051102,-7.50758543443672E1,3.87135306931518E1,P,300,10,1,54,1,,1,1,1,60000,1,2100,42,1,10005051102-1752-2828,,597322601
H,1,176292,300,3,10,289000,2,10005051102-1753,10005051102,-7.50758340418318E1,3.87132146945241E1,P,102,10,2,56,1,,0,1,1,86000,1,2200,55,1,10005051102-1753-2829,,121575716
H,1,176292,300,3,10,289000,2,10005051102-1753,10005051102,-7.50758340418318E1,3.87132146945241E1,P,102,10,1,58,1,,1,1,1,203000,1,300,25,1,10005051102-1753-2830,,493528947
H,1,176292,300,3,10,289000,2,10005051102-1754,10005051102,-7.50757714750193E1,3.87131005946886E1,P,102,10,2,56,1,,0,1,1,86000,1,2200,55,1,10005051102-1754-2831,,652456716
H,1,176292,300,3,10,289000,2,10005051102-1754,10005051102,-7.50757714750193E1,3.87131005946886E1,P,102,10,1,58,1,,1,1,1,203000,1,300,25,1,10005051102-1754-2832,,597335017
H,1,1015353,300,3,10,440000,2,10005051102-1755,10005051102,-7.5091587000882E1,3.87129354571214E1,P,300,10,1,55,3,15,0,1,1,378000,1,4920,10,1,10005051102-1755-2833,,423032259
H,1,1015353,300,3,10,440000,2,10005051102-1755,10005051102,-7.5091587000882E1,3.87129354571214E1,P,300,10,1,56,1,,13,1,1,62000,1,5120,36,1,10005051102-1755-2834,,597617893
H,1,602345,300,3,10,632000,2,10005051102-1756,10005051102,-7.50922294038504E1,3.87125034887727E1,P,102,10,1,55,1,,0,1,1,379000,1,2100,10,1,10005051102-1756-2835,,545158602
H,1,602345,300,3,10,632000,2,10005051102-1756,10005051102,-7.50922294038504E1,3.87125034887727E1,P,102,10,2,54,1,,13,1,1,253000,1,2100,10,1,10005051102-1756-2836,,611226101
H,1,870403,300,3,10,208400,2,10005051102-1757,10005051102,-7.50922956970066E1,3.87124222423992E1,P,200,10,1,57,1,,0,1,1,112900,1,2310,42,1,10005051102-1757-2837,,632294575
H,1,870403,300,3,10,208400,2,10005051102-1757,10005051102,-7.50922956970066E1,3.87124222423992E1,P,200,10,2,58,1,,1,1,1,95500,1,2310,42,1,10005051102-1757-2838,,493533996
H,1,1316990,300,3,10,228000,2,10005051102-1758,10005051102,-7.50916727813671E1,3.87127691810518E1,P,103,10,1,55,1,,0,1,1,130000,1,230,22,1,10005051102-1758-2839,,2922250
H,1,1316990,300,3,10,228000,2,10005051102-1758,10005051102,-7.50916727813671E1,3.87127691810518E1,P,103,10,2,52,1,,1,1,1,98000,2,1450,247,6,10005051102-1758-2840,,545158602
H,1,602345,300,3,10,632000,2,10005051102-1759,10005051102,-7.50920540835788E1,3.87122885899754E1,P,102,10,1,55,1,,0,1,1,379000,1,2100,10,1,10005051102-1759-2841,,816256739
H,1,602345,300,3,10,632000,2,10005051102-1759,10005051102,-7.50920540835788E1,3.87122885899754E1,P,102,10,2,54,1,,13,1,1,253000,1,2100,10,1,10005051102-1759-2842,,674511159
H,1,482443,300,3,10,211000,2,10005051102-1760,10005051102,-7.5091925845409E1,3.87129568119436E1,P,102,10,1,58,1,,0,1,1,85000,1,4700,10,1,10005051102-1760-2843,,816246276
H,1,482443,300,3,10,211000,2,10005051102-1760,10005051102,-7.5091925845409E1,3.87129568119436E1,P,102,10,2,58,1,,1,1,1,126000,1,110,51,1,10005051102-1760-2844,,400837514
H,1,569174,300,3,10,253150,2,10005051102-1761,10005051102,-7.50909004581941E1,3.87139699426804E1,P,300,10,1,59,1,,0,1,1,253150,1,3000,24,1,10005051102-1761-2845,,300284320
H,1,569174,300,3,10,253150,2,10005051102-1761,10005051102,-7.50909004581941E1,3.87139699426804E1,P,300,10,2,60,1,,1,1,6,0,1,,10,1,10005051102-1761-2846,,
H,1,257959,300,3,10,210000,2,10005051102-1762,10005051102,-7.5091103163573E1,3.87135439304771E1,P,102,10,1,55,1,,0,1,1,210000,2,110,110,1,10005051102-1762-2847,,909458176
H,1,257959,300,3,10,210000,2,10005051102-1762,10005051102,-7.5091103163573E1,3.87135439304771E1,P,102,10,2,50,1,,1,1,6,0,2,,139,1,10005051102-1762-2848,,
H,1,482443,300,3,10,211000,2,10005051102-1763,10005051102,-7.5091321624476E1,3.8713307939117E1,P,102,10,1,58,1,,0,1,1,85000,1,4700,10,1,10005051102-1763-2849,,892282955
H,1,482443,300,3,10,211000,2,10005051102-1763,10005051102,-7.5091321624476E1,3.8713307939117E1,P,102,10,2,58,1,,1,1,1,126000,1,110,51,1,10005051102-1763-2850,,357431303
H,1,482443,300,3,10,211000,2,10005051102-1764,10005051102,-7.5089374167664E1,3.87132188973738E1,P,102,10,1,58,1,,0,1,1,85000,1,4700,10,1,10005051102-1764-2851,,9145244
H,1,482443,300,3,10,211000,2,10005051102-1764,10005051102,-7.5089374167664E1,3.87132188973738E1,P,102,10,2,58,1,,1,1,1,126000,1,110,51,1,10005051102-1764-2852,,121607568
H,1,176292,300,3,10,289000,2,10005051102-1765,10005051102,-7.5085993110025E1,3.871323807662E1,P,102,10,2,56,1,,0,1,1,86000,1,2200,55,1,10005051102-1765-2853,,121583538
H,1,176292,300,3,10,289000,2,10005051102-1765,10005051102,-7.5085993110025E1,3.871323807662E1,P,102,10,1,58,1,,1,1,1,203000,1,300,25,1,10005051102-1765-2854,,816223580
H,1,1316990,300,3,10,228000,2,10005051102-1766,10005051102,-7.50888156796773E1,3.8713056305858E1,P,103,10,1,55,1,,0,1,1,130000,1,230,22,1,10005051102-1766-2855,,452187800
H,1,1316990,300,3,10,228000,2,10005051102-1766,10005051102,-7.50888156796773E1,3.8713056305858E1,P,103,10,2,52,1,,1,1,1,98000,2,1450,247,6,10005051102-1766-2856,,816365845
H,1,976626,300,3,10,270000,2,10005051102-1767,10005051102,-7.50884570207515E1,3.87131094772564E1,P,102,10,1,56,1,,0,1,6,120000,1,10,10,1,10005051102-1767-2857,,
H,1,976626,300,3,10,270000,2,10005051102-1767,10005051102,-7.50884570207515E1,3.87131094772564E1,P,102,10,2,54,1,,1,1,1,150000,1,2100,10,1,10005051102-1767-2858,,816365753
H,1,569174,300,3,10,253150,2,10005051102-1768,10005051102,-7.50884994965334E1,3.87133227516181E1,P,300,10,1,59,1,,0,1,1,253150,1,3000,24,1,10005051102-1768-2859,,652450412
H,1,569174,300,3,10,253150,2,10005051102-1768,10005051102,-7.50884994965334E1,3.87133227516181E1,P,300,10,2,60,1,,1,1,6,0,1,,10,1,10005051102-1768-2860,,
H,1,257959,300,3,10,210000,2,10005051102-1769,10005051102,-7.50872806698938E1,3.8713359346896E1,P,102,10,1,55,1,,0,1,1,210000,2,110,110,1,10005051102-1769-2861,,966223950
H,1,257959,300,3,10,210000,2,10005051102-1769,10005051102,-7.50872806698938E1,3.8713359346896E1,P,102,10,2,50,1,,1,1,6,0,2,,139,1,10005051102-1769-2862,,
H,1,64249,300,3,10,219300,2,10005051102-1770,10005051102,-7.50875572736441E1,3.87129841266042E1,P,103,10,2,56,1,,0,1,1,198000,2,230,139,1,10005051102-1770-2863,,400853321
H,1,64249,300,3,10,219300,2,10005051102-1770,10005051102,-7.50875572736441E1,3.87129841266042E1,P,103,10,2,16,3,13,2,1,6,21300,1,,10,1,10005051102-1770-2864,A1100471,
H,1,569174,300,3,10,253150,2,10005051102-1771,10005051102,-7.50880702966496E1,3.87134196395118E1,P,300,10,1,59,1,,0,1,1,253150,1,3000,24,1,10005051102-1771-2865,,678073396
H,1,569174,300,3,10,253150,2,10005051102-1771,10005051102,-7.50880702966496E1,3.87134196395118E1,P,300,10,2,60,1,,1,1,6,0,1,,10,1,10005051102-1771-2866,,
H,1,719212,300,3,10,270000,2,10005051102-1772,10005051102,-7.50883053525342E1,3.87130102483213E1,P,103,10,2,57,1,,0,1,1,150000,1,2000,10,1,10005051102-1772-2867,,121610265
H,1,719212,300,3,10,270000,2,10005051102-1772,10005051102,-7.50883053525342E1,3.87130102483213E1,P,103,10,1,57,1,,1,1,1,120000,1,230,42,1,10005051102-1772-2868,,846204
H,1,211492,300,3,10,202000,2,10005051102-1773,10005051102,-7.50858295848371E1,3.87132757797861E1,P,102,10,1,56,2,16,0,1,1,160000,2,3820,316,1,10005051102-1773-2869,,816365845
H,1,211492,300,3,10,202000,2,10005051102-1773,10005051102,-7.50858295848371E1,3.87132757797861E1,P,102,10,2,54,1,,1,1,1,42000,1,2310,42,1,10005051102-1773-2870,,909459265
H,1,1015353,300,3,10,440000,2,10005051102-1774,10005051102,-7.50870291872155E1,3.87132694062873E1,P,300,10,1,55,3,15,0,1,1,378000,1,4920,10,1,10005051102-1774-2871,,518056767
H,1,1015353,300,3,10,440000,2,10005051102-1774,10005051102,-7.50870291872155E1,3.87132694062873E1,P,300,10,1,56,1,,13,1,1,62000,1,5120,36,1,10005051102-1774-2872,,9145244
H,1,64249,300,3,10,219300,2,10005051102-1775,10005051102,-7.5088493543175E1,3.87135087711747E1,P,103,10,2,56,1,,0,1,1,198000,2,230,139,1,10005051102-1775-2873,,816368500
H,1,64249,300,3,10,219300,2,10005051102-1775,10005051102,-7.5088493543175E1,3.87135087711747E1,P,103,10,2,16,3,13,2,1,6,21300,1,,10,1,10005051102-1775-2874,A0700397,
H,1,1416437,300,3,10,269600,2,10005051102-1776,10005051102,-7.50867161852574E1,3.8713064090166E1,P,200,10,2,63,1,,0,1,6,260000,1,2320,17,1,10005051102-1776-2875,,
H,1,1416437,300,3,10,269600,2,10005051102-1776,10005051102,-7.50867161852574E1,3.8713064090166E1,P,200,10,1,67,1,,1,1,6,9600,1,7750,47,1,10005051102-1776-2876,,
H,1,176292,300,3,10,289000,2,10005051102-1777,10005051102,-7.50875138155814E1,3.87129943028428E1,P,102,10,2,56,1,,0,1,1,86000,1,2200,55,1,10005051102-1777-2877,,1704683
H,1,176292,300,3,10,289000,2,10005051102-1777,10005051102,-7.50875138155814E1,3.87129943028428E1,P,102,10,1,58,1,,1,1,1,203000,1,300,25,1,10005051102-1777-2878,,258588474
H,1,948944,300,3,10,227700,2,10005051102-1778,10005051102,-7.50874654145806E1,3.87129907728854E1,P,104,10,1,55,1,,0,3,1,216000,1,3060,72,1,10005051102-1778-2879,,1704683
H,1,948944,300,3,10,227700,2,10005051102-1778,10005051102,-7.50874654145806E1,3.87129907728854E1,P,104,10,2,46,1,,1,1,6,11700,1,,4,2,10005051102-1778-2880,,
H,1,614799,300,3,10,205000,2,10005051102-1779,10005051102,-7.5086957881488E1,3.87136055561251E1,P,300,10,1,58,1,,0,1,1,145000,1,726,34,1,10005051102-1779-2881,,306054693
H,1,614799,300,3,10,205000,2,10005051102-1779,10005051102,-7.5086957881488E1,3.87136055561251E1,P,300,10,1,54,1,,1,1,1,60000,1,2100,42,1,10005051102-1779-2882,,966212730
H,1,719212,300,3,10,270000,2,10005051102-1780,10005051102,-7.50863673705538E1,3.87133031287786E1,P,103,10,2,57,1,,0,1,1,150000,1,2000,10,1,10005051102-1780-2883,,456246214
H,1,719212,300,3,10,270000,2,10005051102-1780,10005051102,-7.50863673705538E1,3.87133031287786E1,P,103,10,1,57,1,,1,1,1,120000,1,230,42,1,10005051102-1780-2884,,8305997
H,1,64249,300,3,10,219300,2,10005051102-1781,10005051102,-7.50886112035273E1,3.87128193694131E1,P,103,10,2,56,1,,0,1,1,198000,2,230,139,1,10005051102-1781-2885,,371863176
H,1,64249,300,3,10,219300,2,10005051102-1781,10005051102,-7.50886112035273E1,3.87128193694131E1,P,103,10,2,16,3,13,2,1,6,21300,1,,10,1,10005051102-1781-2886,00249996,
H,1,870403,300,3,10,208400,2,10005051102-1782,10005051102,-7.50866627224521E1,3.87131271320671E1,P,200,10,1,57,1,,0,1,1,112900,1,2310,42,1,10005051102-1782-2887,,455364968
H,1,870403,300,3,10,208400,2,10005051102-1782,10005051102,-7.50866627224521E1,3.87131271320671E1,P,200,10,2,58,1,,1,1,1,95500,1,2310,42,1,10005051102-1782-2888,,898291844
H,1,482443,300,3,10,211000,2,10005051102-1783,10005051102,-7.50858182050735E1,3.87135499048085E1,P,102,10,1,58,1,,0,1,1,85000,1,4700,10,1,10005051102-1783-2889,,423044072
H,1,482443,300,3,10,211000,2,10005051102-1783,10005051102,-7.50858182050735E1,3.87135499048085E1,P,102,10,2,58,1,,1,1,1,126000,1,110,51,1,10005051102-1783-2890,,892301318
H,1,1483448,300,3,10,244200,2,10005051102-1784,10005051102,-7.50876532666524E1,3.87131058486263E1,P,300,10,1,68,1,,0,1,6,235900,1,,55,1,10005051102-1784-2891,,
H,1,1483448,300,3,10,244200,2,10005051102-1784,10005051102,-7.50876532666524E1,3.87131058486263E1,P,300,10,2,68,1,,1,1,6,8300,1,,28,1,10005051102-1784-2892,,
H,1,661795,300,3,10,328400,2,10005051102-1785,10005051102,-7.50856184614521E1,3.87130559727857E1,P,104,10,2,63,1,,0,1,1,143400,1,2200,6,1,10005051102-1785-2893,,816360986
H,1,661795,300,3,10,328400,2,10005051102-1785,10005051102,-7.50856184614521E1,3.87130559727857E1,P,104,10,1,64,1,,1,1,1,185000,1,205,10,1,10005051102-1785-2894,,597327626
H,1,1041985,300,3,10,113470,2,10005051102-1786,10005051102,-7.50851198980144E1,3.8713061312287E1,P,103,10,1,61,1,,0,1,1,55070,1,2630,42,1,10005051102-1786-2895,,423032648
H,1,1041985,300,3,10,113470,2,10005051102-1786,10005051102,-7.50851198980144E1,3.8713061312287E1,P,103,10,2,60,1,,1,1,6,58400,1,,42,1,10005051102-1786-2896,,
H,1,435110,300,3,10,243000,2,10005051102-1787,10005051102,-7.5086039667086E1,3.8713231403633E1,P,103,10,1,62,1,,0,1,1,134000,1,2200,42,1,10005051102-1787-2897,,374755510
H,1,435110,300,3,10,243000,2,10005051102-1787,10005051102,-7.5086039667086E1,3.8713231403633E1,P,103,10,2,58,1,,1,1,1,109000,1,2200,34,1,10005051102-1787-2898,,8305997
H,1,435110,300,3,10,243000,2,10005051102-1788,10005051102,-7.50852351413428E1,3.87131022748933E1,P,103,10,1,62,1,,0,1,1,134000,1,2200,42,1,10005051102-1788-2899,,652452236
H,1,435110,300,3,10,243000,2,10005051102-1788,10005051102,-7.50852351413428E1,3.87131022748933E1,P,103,10,2,58,1,,1,1,1,109000,1,2200,34,1,10005051102-1788-2900,,669465940
H,1,1059593,300,3,10,386500,2,10005051102-1789,10005051102,-7.5085387817806E1,3.87132085174497E1,P,102,10,2,63,1,,0,1,6,1500,1,2860,42,1,10005051102-1789-2901,,
H,1,1059593,300,3,10,386500,2,10005051102-1789,10005051102,-7.5085387817806E1,3.87132085174497E1,P,102,10,1,62,1,,1,1,1,385000,1,350,9,1,10005051102-1789-2902,,121566509
H,1,136081,300,3,10,215600,2,10005051102-1790,10005051102,-7.50847516330895E1,3.87130052314422E1,P,104,10,1,60,1,,0,1,1,182900,1,1360,42,1,10005051102-1790-2903,,816252597
H,1,136081,300,3,10,215600,2,10005051102-1790,10005051102,-7.50847516330895E1,3.87130052314422E1,P,104,10,2,61,1,,1,1,1,32700,1,3500,10,1,10005051102-1790-2904,,300283769
H,1,136081,300,3,10,215600,2,10005051102-1791,10005051102,-7.50897441988592E1,3.87134240377721E1,P,104,10,1,60,1,,0,1,1,182900,1,1360,42,1,10005051102-1791-2905,,816175210
H,1,136081,300,3,10,215600,2,10005051102-1791,10005051102,-7.50897441988592E1,3.87134240377721E1,P,104,10,2,61,1,,1,1,1,32700,1,3500,10,1,10005051102-1791-2906,,472704287
H,1,1278217,300,3,10,426040,2,10005051102-1792,10005051102,-7.50897870598491E1,3.87138822764654E1,P,102,10,2,61,1,,0,1,6,40,1,5400,42,1,10005051102-1792-2907,,
H,1,1278217,300,3,10,426040,2,10005051102-1792,10005051102,-7.50897870598491E1,3.87138822764654E1,P,102,10,1,63,1,,1,1,1,426000,1,1430,42,1,10005051102-1792-2908,,541554275
H,1,842359,300,3,10,253240,2,10005051102-1793,10005051102,-7.50896678967757E1,3.8713507313547E1,P,102,10,2,60,1,,0,1,6,240,1,,26,1,10005051102-1793-2909,,
H,1,842359,300,3,10,253240,2,10005051102-1793,10005051102,-7.50896678967757E1,3.8713507313547E1,P,102,10,1,62,1,,1,1,1,253000,1,1020,12,1,10005051102-1793-2910,,652456450
H,1,435110,300,3,10,243000,2,10005051102-1794,10005051102,-7.50847080938643E1,3.87135544123095E1,P,103,10,1,62,1,,0,1,1,134000,1,2200,42,1,10005051102-1794-2911,,1754480
H,1,435110,300,3,10,243000,2,10005051102-1794,10005051102,-7.50847080938643E1,3.87135544123095E1,P,103,10,2,58,1,,1,1,1,109000,1,2200,34,1,10005051102-1794-2912,,224257360
H,1,435110,300,3,10,243000,2,10005051102-1795,10005051102,-7.50846328762186E1,3.8713467908422E1,P,103,10,1,62,1,,0,1,1,134000,1,2200,42,1,10005051102-1795-2913,,1165745
H,1,435110,300,3,10,243000,2,10005051102-1795,10005051102,-7.50846328762186E1,3.8713467908422E1,P,103,10,2,58,1,,1,1,1,109000,1,2200,34,1,10005051102-1795-2914,,121583637
H,1,1416437,300,3,10,269600,2,10005051102-1796,10005051102,-7.50848610056423E1,3.87137058264216E1,P,200,10,2,63,1,,0,1,6,260000,1,2320,17,1,10005051102-1796-2915,,
H,1,1416437,300,3,10,269600,2,10005051102-1796,10005051102,-7.50848610056423E1,3.87137058264216E1,P,200,10,1,67,1,,1,1,6,9600,1,7750,47,1,10005051102-1796-2916,,
H,1,435110,300,3,10,243000,2,10005051102-1797,10005051102,-7.50848176164481E1,3.87139392647218E1,P,103,10,1,62,1,,0,1,1,134000,1,2200,42,1,10005051102-1797-2917,,648152528
H,1,435110,300,3,10,243000,2,10005051102-1797,10005051102,-7.50848176164481E1,3.87139392647218E1,P,103,10,2,58,1,,1,1,1,109000,1,2200,34,1,10005051102-1797-2918,,597324771
H,1,1201731,300,3,10,584000,2,10005051102-1798,10005051102,-7.50849773609428E1,3.87141618534825E1,P,102,10,1,63,1,,0,1,1,584000,1,3060,36,1,10005051102-1798-2919,,1704683
H,1,1201731,300,3,10,584000,2,10005051102-1798,10005051102,-7.50849773609428E1,3.87141618534825E1,P,102,10,2,64,1,,1,1,6,0,1,2000,26,1,10005051102-1798-2920,,
H,1,450763,300,3,10,267100,2,10005051102-1799,10005051102,-7.5084471371696E1,3.87151429011394E1,P,102,10,1,68,1,,0,1,6,254600,1,800,42,1,10005051102-1799-2921,,
H,1,450763,300,3,10,267100,2,10005051102-1799,10005051102,-7.5084471371696E1,3.87151429011394E1,P,102,10,2,66,1,,1,1,6,12500,1,,10,1,10005051102-1799-2922,,
H,1,435110,300,3,10,243000,2,10005051102-1800,10005051102,-7.508481416269E1,3.8713995054782E1,P,103,10,1,62,1,,0,1,1,134000,1,2200,42,1,10005051102-1800-2923,,597322601
H,1,435110,300,3,10,243000,2,10005051102-1800,10005051102,-7.508481416269E1,3.8713995054782E1,P,103,10,2,58,1,,1,1,1,109000,1,2200,34,1,10005051102-1800-2924,,518057120
H,1,1367608,300,3,10,534900,2,10005051102-1801,10005051102,-7.50847079586965E1,3.87146856199562E1,P,102,10,2,64,1,,0,1,6,25300,2,350,414,1,10005051102-1801-2925,,
H,1,1367608,300,3,10,534900,2,10005051102-1801,10005051102,-7.50847079586965E1,3.87146856199562E1,P,102,10,1,73,1,,1,1,1,509600,2,3060,414,1,10005051102-1801-2926,,816171227
H,1,1367608,300,3,10,534900,2,10005051102-1802,10005051102,-7.5084803240809E1,3.87150779893296E1,P,102,10,2,64,1,,0,1,6,25300,2,350,414,1,10005051102-1802-2927,,
H,1,1367608,300,3,10,534900,2,10005051102-1802,10005051102,-7.5084803240809E1,3.87150779893296E1,P,102,10,1,73,1,,1,1,1,509600,2,3060,414,1,10005051102-1802-2928,,121584429
H,1,1416437,300,3,10,269600,2,10005051102-1803,10005051102,-7.50845960246838E1,3.87152633073941E1,P,200,10,2,63,1,,0,1,6,260000,1,2320,17,1,10005051102-1803-2929,,
H,1,1416437,300,3,10,269600,2,10005051102-1803,10005051102,-7.50845960246838E1,3.87152633073941E1,P,200,10,1,67,1,,1,1,6,9600,1,7750,47,1,10005051102-1803-2930,,
H,1,261656,300,3,10,200000,2,10005051102-1804,10005051102,-7.50851047018844E1,3.87141680865908E1,P,300,10,2,60,1,,0,1,1,70000,1,4700,42,1,10005051102-1804-2931,,545158602
H,1,261656,300,3,10,200000,2,10005051102-1804,10005051102,-7.50851047018844E1,3.87141680865908E1,P,300,10,1,64,1,,1,1,1,130000,1,4840,42,1,10005051102-1804-2932,,541554531
H,1,1054873,300,3,10,36100,2,10005051102-1805,10005051102,-7.50847988789184E1,3.87146187418851E1,P,300,10,2,63,1,,0,1,6,12000,1,1010,10,1,10005051102-1805-2933,,
H,1,1054873,300,3,10,36100,2,10005051102-1805,10005051102,-7.50847988789184E1,3.87146187418851E1,P,300,10,1,65,1,,1,1,6,24100,1,,24,1,10005051102-1805-2934,,
H,1,1298820,300,3,10,320600,2,10005051102-1806,10005051102,-7.50885812974738E1,3.87148460867122E1,P,102,10,2,66,1,,0,1,6,234600,1,2310,47,1,10005051102-1806-2935,,
H,1,1298820,300,3,10,320600,2,10005051102-1806,10005051102,-7.50885812974738E1,3.87148460867122E1,P,102,10,1,66,1,,1,1,6,86000,1,1760,24,1,10005051102-1806-2936,,
H,1,53584,300,3,10,513500,2,10005051102-1807,10005051102,-7.50894634361216E1,3.87141485460845E1,P,200,10,1,73,1,,0,1,1,455300,1,220,54,1,10005051102-1807-2937,,638420307
H,1,53584,300,3,10,513500,2,10005051102-1807,10005051102,-7.50894634361216E1,3.87141485460845E1,P,200,10,2,71,1,,1,1,1,58200,1,5700,54,1,10005051102-1807-2938,,306054693
H,1,1067501,300,3,10,269400,2,10005051102-1808,10005051102,-7.50889449200694E1,3.871500192146E1,P,102,10,1,69,1,,0,1,1,221600,1,1720,21,1,10005051102-1808-2939,,545158602
H,1,1067501,300,3,10,269400,2,10005051102-1808,10005051102,-7.50889449200694E1,3.871500192146E1,P,102,10,2,69,1,,1,1,6,47800,1,2320,48,1,10005051102-1808-2940,,
H,1,1402553,300,3,10,380000,2,10005051102-1809,10005051102,-7.5088685665458E1,3.87149488115358E1,P,104,10,2,67,1,,0,1,6,1000,1,,6,1,10005051102-1809-2941,,
H,1,1402553,300,3,10,380000,2,10005051102-1809,10005051102,-7.5088685665458E1,3.87149488115358E1,P,104,10,1,62,1,,1,1,1,379000,1,1410,37,1,10005051102-1809-2942,,816216956
H,1,1067501,300,3,10,269400,2,10005051102-1810,10005051102,-7.50884024331977E1,3.87152335202945E1,P,102,10,1,69,1,,0,1,1,221600,1,1720,21,1,10005051102-1810-2943,,597333798
H,1,1067501,300,3,10,269400,2,10005051102-1810,10005051102,-7.50884024331977E1,3.87152335202945E1,P,102,10,2,69,1,,1,1,6,47800,1,2320,48,1,10005051102-1810-2944,,
H,1,855057,300,3,10,219300,2,10005051102-1811,10005051102,-7.50898978873653E1,3.87142556366084E1,P,104,10,2,65,1,,0,1,6,139300,1,,34,1,10005051102-1811-2945,,
H,1,855057,300,3,10,219300,2,10005051102-1811,10005051102,-7.50898978873653E1,3.87142556366084E1,P,104,10,1,67,1,,1,1,1,80000,1,120,36,1,10005051102-1811-2946,,541621512
H,1,1067501,300,3,10,269400,2,10005051102-1812,10005051102,-7.50893832834482E1,3.87138226059883E1,P,102,10,1,69,1,,0,1,1,221600,1,1720,21,1,10005051102-1812-2947,,450103288
H,1,1067501,300,3,10,269400,2,10005051102-1812,10005051102,-7.50893832834482E1,3.87138226059883E1,P,102,10,2,69,1,,1,1,6,47800,1,2320,48,1,10005051102-1812-2948,,
H,1,1353630,300,3,10,385000,2,10005051102-1813,10005051102,-7.50888193470817E1,3.87146700917046E1,P,102,10,1,71,1,,0,1,6,320000,1,2100,21,1,10005051102-1813-2949,,
H,1,1353630,300,3,10,385000,2,10005051102-1813,10005051102,-7.50888193470817E1,3.87146700917046E1,P,102,10,2,69,1,,1,1,6,65000,1,,34,1,10005051102-1813-2950,,
H,1,855057,300,3,10,219300,2,10005051102-1814,10005051102,-7.5088577408519E1,3.87154144274037E1,P,104,10,2,65,1,,0,1,6,139300,1,,34,1,10005051102-1814-2951,,
H,1,855057,300,3,10,219300,2,10005051102-1814,10005051102,-7.5088577408519E1,3.87154144274037E1,P,104,10,1,67,1,,1,1,1,80000,1,120,36,1,10005051102-1814-2952,,678075086
H,1,1353630,300,3,10,385000,2,10005051102-1815,10005051102,-7.50888880032637E1,3.871463882023E1,P,102,10,1,71,1,,0,1,6,320000,1,2100,21,1,10005051102-1815-2953,,
H,1,1353630,300,3,10,385000,2,10005051102-1815,10005051102,-7.50888880032637E1,3.871463882023E1,P,102,10,2,69,1,,1,1,6,65000,1,,34,1,10005051102-1815-2954,,
H,1,1298820,300,3,10,320600,2,10005051102-1816,10005051102,-7.50854746086936E1,3.87137419429593E1,P,102,10,2,66,1,,0,1,6,234600,1,2310,47,1,10005051102-1816-2955,,
H,1,1298820,300,3,10,320600,2,10005051102-1816,10005051102,-7.50854746086936E1,3.87137419429593E1,P,102,10,1,66,1,,1,1,6,86000,1,1760,24,1,10005051102-1816-2956,,
H,1,855057,300,3,10,219300,2,10005051102-1817,10005051102,-7.50859675327808E1,3.87133236105831E1,P,104,10,2,65,1,,0,1,6,139300,1,,34,1,10005051102-1817-2957,,
H,1,855057,300,3,10,219300,2,10005051102-1817,10005051102,-7.50859675327808E1,3.87133236105831E1,P,104,10,1,67,1,,1,1,1,80000,1,120,36,1,10005051102-1817-2958,,121565816
H,1,862107,300,3,10,256100,2,10005051102-1818,10005051102,-7.508606312237E1,3.87137574006337E1,P,102,10,1,72,1,,0,1,6,37600,1,430,10,1,10005051102-1818-2959,,
H,1,862107,300,3,10,256100,2,10005051102-1818,10005051102,-7.508606312237E1,3.87137574006337E1,P,102,10,2,66,2,15,1,1,6,218500,1,2310,10,1,10005051102-1818-2960,,
H,1,47567,300,3,10,220100,2,10005051102-1819,10005051102,-7.50856386354505E1,3.8713480493078E1,P,200,10,1,65,1,,0,1,6,54100,1,4700,42,1,10005051102-1819-2961,,
H,1,47567,300,3,10,220100,2,10005051102-1819,10005051102,-7.50856386354505E1,3.8713480493078E1,P,200,10,2,64,1,,1,1,1,166000,1,230,42,1,10005051102-1819-2962,,678075086
H,1,687636,300,3,10,236200,2,10005051102-1820,10005051102,-7.50867080771281E1,3.87148460527607E1,P,300,10,1,69,1,,0,1,6,224900,1,,42,1,10005051102-1820-2963,,
H,1,687636,300,3,10,236200,2,10005051102-1820,10005051102,-7.50867080771281E1,3.87148460527607E1,P,300,10,2,69,1,,1,1,6,11300,1,,42,1,10005051102-1820-2964,,
H,1,450763,300,3,10,267100,2,10005051102-1821,10005051102,-7.50857459016545E1,3.87143896148061E1,P,102,10,1,68,1,,0,1,6,254600,1,800,42,1,10005051102-1821-2965,,
H,1,450763,300,3,10,267100,2,10005051102-1821,10005051102,-7.50857459016545E1,3.87143896148061E1,P,102,10,2,66,1,,1,1,6,12500,1,,10,1,10005051102-1821-2966,,
H,1,414950,300,3,10,227000,2,10005051102-1822,10005051102,-7.50860274082166E1,3.87146532871938E1,P,300,10,1,68,1,,0,1,6,216000,1,,22,1,10005051102-1822-2967,,
H,1,414950,300,3,10,227000,2,10005051102-1822,10005051102,-7.50860274082166E1,3.87146532871938E1,P,300,10,2,64,1,,1,1,6,11000,1,,24,1,10005051102-1822-2968,,
H,1,1483448,300,3,10,244200,2,10005051102-1823,10005051102,-7.50875106051217E1,3.87148119088266E1,P,300,10,1,68,1,,0,1,6,235900,1,,55,1,10005051102-1823-2969,,
H,1,1483448,300,3,10,244200,2,10005051102-1823,10005051102,-7.50875106051217E1,3.87148119088266E1,P,300,10,2,68,1,,1,1,6,8300,1,,28,1,10005051102-1823-2970,,
H,1,132432,300,3,10,267500,2,10005051102-1824,10005051102,-7.50856506221834E1,3.87142377579647E1,P,104,10,1,70,1,,0,1,6,240800,1,4465,10,1,10005051102-1824-2971,,
H,1,132432,300,3,10,267500,2,10005051102-1824,10005051102,-7.50856506221834E1,3.87142377579647E1,P,104,10,2,66,1,,1,1,6,26700,1,430,10,1,10005051102-1824-2972,,
H,1,1067501,300,3,10,269400,2,10005051102-1825,10005051102,-7.50862758448075E1,3.87149464162437E1,P,102,10,1,69,1,,0,1,1,221600,1,1720,21,1,10005051102-1825-2973,,300284627
H,1,1067501,300,3,10,269400,2,10005051102-1825,10005051102,-7.50862758448075E1,3.87149464162437E1,P,102,10,2,69,1,,1,1,6,47800,1,2320,48,1,10005051102-1825-2974,,
H,1,47567,300,3,10,220100,2,10005051102-1826,10005051102,-7.50880559881703E1,3.87139406474816E1,P,200,10,1,65,1,,0,1,6,54100,1,4700,42,1,10005051102-1826-2975,,
H,1,47567,300,3,10,220100,2,10005051102-1826,10005051102,-7.50880559881703E1,3.87139406474816E1,P,200,10,2,64,1,,1,1,1,166000,1,230,42,1,10005051102-1826-2976,,678075086
H,1,515866,300,3,10,441200,2,10005051102-1827,10005051102,-7.50883356653195E1,3.87142758677704E1,P,103,10,2,66,1,,0,1,6,393000,1,430,42,1,10005051102-1827-2977,,
H,1,515866,300,3,10,441200,2,10005051102-1827,10005051102,-7.50883356653195E1,3.87142758677704E1,P,103,10,1,66,1,,1,1,6,48200,1,160,42,1,10005051102-1827-2978,,
H,1,515866,300,3,10,441200,2,10005051102-1828,10005051102,-7.50857202749852E1,3.87144224700537E1,P,103,10,2,66,1,,0,1,6,393000,1,430,42,1,10005051102-1828-2979,,
H,1,515866,300,3,10,441200,2,10005051102-1828,10005051102,-7.50857202749852E1,3.87144224700537E1,P,103,10,1,66,1,,1,1,6,48200,1,160,42,1,10005051102-1828-2980,,
H,1,459012,300,3,10,273000,2,10005051102-1829,10005051102,-7.508725350354E1,3.8714040299343E1,P,300,10,1,71,1,,0,1,1,273000,1,430,10,1,10005051102-1829-2981,,121605778
H,1,459012,300,3,10,273000,2,10005051102-1829,10005051102,-7.508725350354E1,3.8714040299343E1,P,300,10,2,71,1,,1,1,6,0,1,,6,1,10005051102-1829-2982,,
H,1,1279521,300,3,10,200000,2,10005051102-1830,10005051102,-7.5085635084962E1,3.87137948807751E1,P,102,10,1,65,1,,0,1,6,104000,1,5630,18,1,10005051102-1830-2983,,
H,1,1279521,300,3,10,200000,2,10005051102-1830,10005051102,-7.5085635084962E1,3.87137948807751E1,P,102,10,2,63,1,,1,1,1,96000,1,430,24,1,10005051102-1830-2984,,597617893
H,1,414950,300,3,10,227000,2,10005051102-1831,10005051102,-7.50868238088413E1,3.8714474639941E1,P,300,10,1,68,1,,0,1,6,216000,1,,22,1,10005051102-1831-2985,,
H,1,414950,300,3,10,227000,2,10005051102-1831,10005051102,-7.50868238088413E1,3.8714474639941E1,P,300,10,2,64,1,,1,1,6,11000,1,,24,1,10005051102-1831-2986,,
H,1,907804,300,3,10,239510,2,10005051102-1832,10005051102,-7.50878206903831E1,3.871410921558E1,P,102,10,1,66,1,,0,1,1,239510,1,2100,10,1,10005051102-1832-2987,,222911992
H,1,907804,300,3,10,239510,2,10005051102-1832,10005051102,-7.50878206903831E1,3.871410921558E1,P,102,10,2,59,1,,1,1,6,0,1,,10,1,10005051102-1832-2988,,
H,1,199153,300,3,10,592000,2,10005051102-1833,10005051102,-7.50856860297766E1,3.87145069709351E1,P,101,10,1,70,1,,0,1,1,386000,1,10,9,1,10005051102-1833-2989,,307843334
H,1,199153,300,3,10,592000,2,10005051102-1833,10005051102,-7.50856860297766E1,3.87145069709351E1,P,101,10,2,74,1,,1,1,6,206000,1,,36,1,10005051102-1833-2990,,
H,1,515866,300,3,10,441200,2,10005051102-1834,10005051102,-7.50878391541647E1,3.87145484668223E1,P,103,10,2,66,1,,0,1,6,393000,1,430,42,1,10005051102-1834-2991,,
H,1,515866,300,3,10,441200,2,10005051102-1834,10005051102,-7.50878391541647E1,3.87145484668223E1,P,103,10,1,66,1,,1,1,6,48200,1,160,42,1,10005051102-1834-2992,,
H,1,199153,300,3,10,592000,2,10005051102-1835,10005051102,-7.50878117741501E1,3.87148074843918E1,P,101,10,1,70,1,,0,1,1,386000,1,10,9,1,10005051102-1835-2993,,541559324
H,1,199153,300,3,10,592000,2,10005051102-1835,10005051102,-7.50878117741501E1,3.87148074843918E1,P,101,10,2,74,1,,1,1,6,206000,1,,36,1,10005051102-1835-2994,,
H,1,1402553,300,3,10,380000,2,10005051102-1836,10005051102,-7.5086086236731E1,3.87145538121296E1,P,104,10,2,67,1,,0,1,6,1000,1,,6,1,10005051102-1836-2995,,
H,1,1402553,300,3,10,380000,2,10005051102-1836,10005051102,-7.5086086236731E1,3.87145538121296E1,P,104,10,1,62,1,,1,1,1,379000,1,1410,37,1,10005051102-1836-2996,,982658486
H,1,1353630,300,3,10,385000,2,10005051102-1837,10005051102,-7.508721740503E1,3.87147068308753E1,P,102,10,1,71,1,,0,1,6,320000,1,2100,21,1,10005051102-1837-2997,,
H,1,1353630,300,3,10,385000,2,10005051102-1837,10005051102,-7.508721740503E1,3.87147068308753E1,P,102,10,2,69,1,,1,1,6,65000,1,,34,1,10005051102-1837-2998,,
H,1,450763,300,3,10,267100,2,10005051102-1838,10005051102,-7.50856809508366E1,3.87146971496553E1,P,102,10,1,68,1,,0,1,6,254600,1,800,42,1,10005051102-1838-2999,,
H,1,450763,300,3,10,267100,2,10005051102-1838,10005051102,-7.50856809508366E1,3.87146971496553E1,P,102,10,2,66,1,,1,1,6,12500,1,,10,1,10005051102-1838-3000,,
H,1,292117,300,3,10,251400,2,10005051102-1839,10005051102,-7.50888697474776E1,3.87134583997636E1,P,104,10,2,70,1,,0,10,6,25400,2,430,316,1,10005051102-1839-3001,,
H,1,292117,300,3,10,251400,2,10005051102-1839,10005051102,-7.50888697474776E1,3.87134583997636E1,P,104,10,1,67,1,,1,1,6,226000,2,,333,2,10005051102-1839-3002,,
H,1,687636,300,3,10,236200,2,10005051102-1840,10005051102,-7.50885132373344E1,3.8713498815037E1,P,300,10,1,69,1,,0,1,6,224900,1,,42,1,10005051102-1840-3003,,
H,1,687636,300,3,10,236200,2,10005051102-1840,10005051102,-7.50885132373344E1,3.8713498815037E1,P,300,10,2,69,1,,1,1,6,11300,1,,42,1,10005051102-1840-3004,,
H,1,1067501,300,3,10,269400,2,10005051102-1841,10005051102,-7.50886980078235E1,3.87134204460591E1,P,102,10,1,69,1,,0,1,1,221600,1,1720,21,1,10005051102-1841-3005,,252599873
H,1,1067501,300,3,10,269400,2,10005051102-1841,10005051102,-7.50886980078235E1,3.87134204460591E1,P,102,10,2,69,1,,1,1,6,47800,1,2320,48,1,10005051102-1841-3006,,
H,1,1106654,300,3,10,241700,2,10005051102-1842,10005051102,-7.50890299480158E1,3.87136426122827E1,P,102,10,1,71,1,,0,1,1,210200,1,4920,10,1,10005051102-1842-3007,,816243778
H,1,1106654,300,3,10,241700,2,10005051102-1842,10005051102,-7.50890299480158E1,3.87136426122827E1,P,102,10,2,71,1,,1,1,6,31500,1,,8,1,10005051102-1842-3008,,
H,1,1067501,300,3,10,269400,2,10005051102-1843,10005051102,-7.50887188657732E1,3.87137334100183E1,P,102,10,1,69,1,,0,1,1,221600,1,1720,21,1,10005051102-1843-3009,,9149543
H,1,1067501,300,3,10,269400,2,10005051102-1843,10005051102,-7.50887188657732E1,3.87137334100183E1,P,102,10,2,69,1,,1,1,6,47800,1,2320,48,1,10005051102-1843-3010,,
H,1,1298820,300,3,10,320600,2,10005051102-1844,10005051102,-7.50775170572023E1,3.87131859931577E1,P,102,10,2,66,1,,0,1,6,234600,1,2310,47,1,10005051102-1844-3011,,
H,1,1298820,300,3,10,320600,2,10005051102-1844,10005051102,-7.50775170572023E1,3.87131859931577E1,P,102,10,1,66,1,,1,1,6,86000,1,1760,24,1,10005051102-1844-3012,,
H,1,414950,300,3,10,227000,2,10005051102-1845,10005051102,-7.50782332008642E1,3.87133400104722E1,P,300,10,1,68,1,,0,1,6,216000,1,,22,1,10005051102-1845-3013,,
H,1,414950,300,3,10,227000,2,10005051102-1845,10005051102,-7.50782332008642E1,3.87133400104722E1,P,300,10,2,64,1,,1,1,6,11000,1,,24,1,10005051102-1845-3014,,
H,1,1402553,300,3,10,380000,2,10005051102-1846,10005051102,-7.50778876365154E1,3.87136010979067E1,P,104,10,2,67,1,,0,1,6,1000,1,,6,1,10005051102-1846-3015,,
H,1,1402553,300,3,10,380000,2,10005051102-1846,10005051102,-7.50778876365154E1,3.87136010979067E1,P,104,10,1,62,1,,1,1,1,379000,1,1410,37,1,10005051102-1846-3016,,1754472
H,1,515866,300,3,10,441200,2,10005051102-1847,10005051102,-7.50768977364455E1,3.8713492680625E1,P,103,10,2,66,1,,0,1,6,393000,1,430,42,1,10005051102-1847-3017,,
H,1,515866,300,3,10,441200,2,10005051102-1847,10005051102,-7.50768977364455E1,3.8713492680625E1,P,103,10,1,66,1,,1,1,6,48200,1,160,42,1,10005051102-1847-3018,,
H,1,1067501,300,3,10,269400,2,10005051102-1848,10005051102,-7.50772075407622E1,3.87131040835351E1,P,102,10,1,69,1,,0,1,1,221600,1,1720,21,1,10005051102-1848-3019,,455364703
H,1,1067501,300,3,10,269400,2,10005051102-1848,10005051102,-7.50772075407622E1,3.87131040835351E1,P,102,10,2,69,1,,1,1,6,47800,1,2320,48,1,10005051102-1848-3020,,
H,1,1106654,300,3,10,241700,2,10005051102-1849,10005051102,-7.50770391685377E1,3.87129522635682E1,P,102,10,1,71,1,,0,1,1,210200,1,4920,10,1,10005051102-1849-3021,,121576383
H,1,1106654,300,3,10,241700,2,10005051102-1849,10005051102,-7.50770391685377E1,3.87129522635682E1,P,102,10,2,71,1,,1,1,6,31500,1,,8,1,10005051102-1849-3022,,
H,1,958556,300,3,10,294400,2,10005051102-1850,10005051102,-7.5077455503744E1,3.87134428523142E1,P,101,10,1,73,1,,0,1,1,288000,1,430,51,1,10005051102-1850-3023,,668980618
H,1,958556,300,3,10,294400,2,10005051102-1850,10005051102,-7.5077455503744E1,3.87134428523142E1,P,101,10,2,70,1,,1,1,6,6400,1,,36,1,10005051102-1850-3024,,
H,1,823055,300,3,10,73800,2,10005051102-1851,10005051102,-7.50783925163455E1,3.87134002867961E1,P,200,10,1,72,1,,0,1,6,42800,1,,42,1,10005051102-1851-3025,,
H,1,823055,300,3,10,73800,2,10005051102-1851,10005051102,-7.50783925163455E1,3.87134002867961E1,P,200,10,2,58,1,,13,1,1,31000,1,630,42,1,10005051102-1851-3026,,493540306
H,1,1067501,300,3,10,269400,2,10005051102-1852,10005051102,-7.50780785635042E1,3.871326806393E1,P,102,10,1,69,1,,0,1,1,221600,1,1720,21,1,10005051102-1852-3027,,121601728
H,1,1067501,300,3,10,269400,2,10005051102-1852,10005051102,-7.50780785635042E1,3.871326806393E1,P,102,10,2,69,1,,1,1,6,47800,1,2320,48,1,10005051102-1852-3028,,
H,1,434829,300,3,10,290000,2,10005051102-1853,10005051102,-7.5079110707065E1,3.8713994545021E1,P,300,10,2,67,1,,0,1,1,67000,1,2830,11,1,10005051102-1853-3029,,909457061
H,1,434829,300,3,10,290000,2,10005051102-1853,10005051102,-7.5079110707065E1,3.8713994545021E1,P,300,10,1,73,1,,1,1,6,223000,1,2010,25,1,10005051102-1853-3030,,
H,1,434829,300,3,10,290000,2,10005051102-1854,10005051102,-7.50789321723583E1,3.87138343828973E1,P,300,10,2,67,1,,0,1,1,67000,1,2830,11,1,10005051102-1854-3031,,121575294
H,1,434829,300,3,10,290000,2,10005051102-1854,10005051102,-7.50789321723583E1,3.87138343828973E1,P,300,10,1,73,1,,1,1,6,223000,1,2010,25,1,10005051102-1854-3032,,
H,1,459012,300,3,10,273000,2,10005051102-1855,10005051102,-7.50797189770008E1,3.87138581957063E1,P,300,10,1,71,1,,0,1,1,273000,1,430,10,1,10005051102-1855-3033,,518057120
H,1,459012,300,3,10,273000,2,10005051102-1855,10005051102,-7.50797189770008E1,3.87138581957063E1,P,300,10,2,71,1,,1,1,6,0,1,,6,1,10005051102-1855-3034,,
H,1,53584,300,3,10,513500,2,10005051102-1856,10005051102,-7.50799015667585E1,3.8713916001469E1,P,200,10,1,73,1,,0,1,1,455300,1,220,54,1,10005051102-1856-3035,,400853149
H,1,53584,300,3,10,513500,2,10005051102-1856,10005051102,-7.50799015667585E1,3.8713916001469E1,P,200,10,2,71,1,,1,1,1,58200,1,5700,54,1,10005051102-1856-3036,,909459224
H,1,132432,300,3,10,267500,2,10005051102-1857,10005051102,-7.50796878885282E1,3.87139696475977E1,P,104,10,1,70,1,,0,1,6,240800,1,4465,10,1,10005051102-1857-3037,,
H,1,132432,300,3,10,267500,2,10005051102-1857,10005051102,-7.50796878885282E1,3.87139696475977E1,P,104,10,2,66,1,,1,1,6,26700,1,430,10,1,10005051102-1857-3038,,
H,1,1488321,300,3,10,403000,2,10005051102-1858,10005051102,-7.50794442906593E1,3.87138288592361E1,P,102,10,1,76,1,,0,1,1,403000,2,3060,212,1,10005051102-1858-3039,,121603039
H,1,1488321,300,3,10,403000,2,10005051102-1858,10005051102,-7.50794442906593E1,3.87138288592361E1,P,102,10,2,71,1,,1,1,6,0,2,,212,1,10005051102-1858-3040,,
H,1,1488321,300,3,10,403000,2,10005051102-1859,10005051102,-7.5079464534187E1,3.87136778163275E1,P,102,10,1,76,1,,0,1,1,403000,2,3060,212,1,10005051102-1859-3041,,121597181
H,1,1488321,300,3,10,403000,2,10005051102-1859,10005051102,-7.5079464534187E1,3.87136778163275E1,P,102,10,2,71,1,,1,1,6,0,2,,212,1,10005051102-1859-3042,,
H,1,298113,300,3,10,343000,2,10005051102-1860,10005051102,-7.50795585979117E1,3.87138684412576E1,P,101,10,1,76,1,,0,1,6,333000,1,136,42,1,10005051102-1860-3043,,
H,1,298113,300,3,10,343000,2,10005051102-1860,10005051102,-7.50795585979117E1,3.87138684412576E1,P,101,10,2,37,1,,2,1,1,10000,1,2540,10,1,10005051102-1860-3044,,545158602
H,1,195956,300,3,10,227250,2,10005051102-1861,10005051102,-7.50806382439186E1,3.87143453473321E1,P,300,10,2,78,1,,0,1,6,216500,1,,39,1,10005051102-1861-3045,,
H,1,195956,300,3,10,227250,2,10005051102-1861,10005051102,-7.50806382439186E1,3.87143453473321E1,P,300,10,2,49,1,,2,1,1,10750,1,2600,51,1,10005051102-1861-3046,,423044072
H,1,455697,300,3,10,482000,2,10005051102-1862,10005051102,-7.50813786005202E1,3.87142510602096E1,P,103,10,1,77,1,,0,1,6,268000,2,,138,1,10005051102-1862-3047,,
H,1,455697,300,3,10,482000,2,10005051102-1862,10005051102,-7.50813786005202E1,3.87142510602096E1,P,103,10,1,75,1,,1,1,6,214000,1,,25,1,10005051102-1862-3048,,
H,1,1488321,300,3,10,403000,2,10005051102-1863,10005051102,-7.508013946833E1,3.87141439858478E1,P,102,10,1,76,1,,0,1,1,403000,2,3060,212,1,10005051102-1863-3049,,816365704
H,1,1488321,300,3,10,403000,2,10005051102-1863,10005051102,-7.508013946833E1,3.87141439858478E1,P,102,10,2,71,1,,1,1,6,0,2,,212,1,10005051102-1863-3050,,
H,1,916508,300,3,10,102000,2,10005051102-1864,10005051102,-7.508103412218E1,3.87144069682955E1,P,102,10,1,79,1,,0,1,6,78000,1,,42,1,10005051102-1864-3051,,
H,1,916508,300,3,10,102000,2,10005051102-1864,10005051102,-7.508103412218E1,3.87144069682955E1,P,102,10,2,71,1,,1,1,6,24000,1,,34,1,10005051102-1864-3052,,
H,1,298113,300,3,10,343000,2,10005051102-1865,10005051102,-7.50800119987314E1,3.87137212610726E1,P,101,10,1,76,1,,0,1,6,333000,1,136,42,1,10005051102-1865-3053,,
H,1,298113,300,3,10,343000,2,10005051102-1865,10005051102,-7.50800119987314E1,3.87137212610726E1,P,101,10,2,37,1,,2,1,1,10000,1,2540,10,1,10005051102-1865-3054,,635011091
H,1,298113,300,3,10,343000,2,10005051102-1866,10005051102,-7.50809951826275E1,3.87142336892682E1,P,101,10,1,76,1,,0,1,6,333000,1,136,42,1,10005051102-1866-3055,,
H,1,298113,300,3,10,343000,2,10005051102-1866,10005051102,-7.50809951826275E1,3.87142336892682E1,P,101,10,2,37,1,,2,1,1,10000,1,2540,10,1,10005051102-1866-3056,,121583280
H,1,954304,300,3,10,54900,2,10005051102-1867,10005051102,-7.50799728591415E1,3.87140580380743E1,P,200,10,1,78,1,,0,1,6,42400,1,,42,1,10005051102-1867-3057,,
H,1,954304,300,3,10,54900,2,10005051102-1867,10005051102,-7.50799728591415E1,3.87140580380743E1,P,200,10,2,73,1,,1,1,6,12500,1,,42,1,10005051102-1867-3058,,
H,1,195956,300,3,10,227250,2,10005051102-1868,10005051102,-7.50805180411695E1,3.87139412710733E1,P,300,10,2,78,1,,0,1,6,216500,1,,39,1,10005051102-1868-3059,,
H,1,195956,300,3,10,227250,2,10005051102-1868,10005051102,-7.50805180411695E1,3.87139412710733E1,P,300,10,2,49,1,,2,1,1,10750,1,2600,51,1,10005051102-1868-3060,,380090795
H,1,49104,300,3,10,233300,2,10005051102-1869,10005051102,-7.50806223851444E1,3.8714224452349E1,P,102,10,1,89,1,,0,1,6,221000,1,,27,1,10005051102-1869-3061,,
H,1,49104,300,3,10,233300,2,10005051102-1869,10005051102,-7.50806223851444E1,3.8714224452349E1,P,102,10,2,84,1,,1,1,6,12300,1,,19,1,10005051102-1869-3062,,
H,1,1373531,300,3,10,240790,2,10005051102-1870,10005051102,-7.50808917105124E1,3.87143289354704E1,P,300,10,1,86,1,,0,1,6,216100,1,,25,1,10005051102-1870-3063,,
H,1,1373531,300,3,10,240790,2,10005051102-1870,10005051102,-7.50808917105124E1,3.87143289354704E1,P,300,10,2,82,1,,1,1,6,24690,1,,24,1,10005051102-1870-3064,,
H,1,1373531,300,3,10,240790,2,10005051102-1871,10005051102,-7.50762346771414E1,3.87144984340642E1,P,300,10,1,86,1,,0,1,6,216100,1,,25,1,10005051102-1871-3065,,
H,1,1373531,300,3,10,240790,2,10005051102-1871,10005051102,-7.50762346771414E1,3.87144984340642E1,P,300,10,2,82,1,,1,1,6,24690,1,,24,1,10005051102-1871-3066,,
H,1,49104,300,3,10,233300,2,10005051102-1872,10005051102,-7.50761262821175E1,3.87143735555533E1,P,102,10,1,89,1,,0,1,6,221000,1,,27,1,10005051102-1872-3067,,
H,1,49104,300,3,10,233300,2,10005051102-1872,10005051102,-7.50761262821175E1,3.87143735555533E1,P,102,10,2,84,1,,1,1,6,12300,1,,19,1,10005051102-1872-3068,,
H,1,1373531,300,3,10,240790,2,10005051102-1873,10005051102,-7.50759092476917E1,3.87149083848782E1,P,300,10,1,86,1,,0,1,6,216100,1,,25,1,10005051102-1873-3069,,
H,1,1373531,300,3,10,240790,2,10005051102-1873,10005051102,-7.50759092476917E1,3.87149083848782E1,P,300,10,2,82,1,,1,1,6,24690,1,,24,1,10005051102-1873-3070,,
H,1,1373531,300,3,10,240790,2,10005051102-1874,10005051102,-7.50763824933647E1,3.8714730216918E1,P,300,10,1,86,1,,0,1,6,216100,1,,25,1,10005051102-1874-3071,,
H,1,1373531,300,3,10,240790,2,10005051102-1874,10005051102,-7.50763824933647E1,3.8714730216918E1,P,300,10,2,82,1,,1,1,6,24690,1,,24,1,10005051102-1874-3072,,
H,1,1373531,300,3,10,240790,2,10005051102-1875,10005051102,-7.50911253023606E1,3.87134673111381E1,P,300,10,1,86,1,,0,1,6,216100,1,,25,1,10005051102-1875-3073,,
H,1,1373531,300,3,10,240790,2,10005051102-1875,10005051102,-7.50911253023606E1,3.87134673111381E1,P,300,10,2,82,1,,1,1,6,24690,1,,24,1,10005051102-1875-3074,,
H,1,1373531,300,3,10,240790,2,10005051102-1876,10005051102,-7.50906257744011E1,3.87138444073656E1,P,300,10,1,86,1,,0,1,6,216100,1,,25,1,10005051102-1876-3075,,
H,1,1373531,300,3,10,240790,2,10005051102-1876,10005051102,-7.50906257744011E1,3.87138444073656E1,P,300,10,2,82,1,,1,1,6,24690,1,,24,1,10005051102-1876-3076,,
H,1,49104,300,3,10,233300,2,10005051102-1877,10005051102,-7.5090860730152E1,3.87137985794467E1,P,102,10,1,89,1,,0,1,6,221000,1,,27,1,10005051102-1877-3077,,
H,1,49104,300,3,10,233300,2,10005051102-1877,10005051102,-7.5090860730152E1,3.87137985794467E1,P,102,10,2,84,1,,1,1,6,12300,1,,19,1,10005051102-1877-3078,,
H,1,907804,300,3,10,239510,2,10005051102-1878,10005051102,-7.50904932570722E1,3.87142731482317E1,P,102,10,1,66,1,,0,1,1,239510,1,2100,10,1,10005051102-1878-3079,,518051966
H,1,907804,300,3,10,239510,2,10005051102-1878,10005051102,-7.50904932570722E1,3.87142731482317E1,P,102,10,2,59,1,,1,1,6,0,1,,10,1,10005051102-1878-3080,,
H,1,49104,300,3,10,233300,2,10005051102-1879,10005051102,-7.50907464989362E1,3.871434117917E1,P,102,10,1,89,1,,0,1,6,221000,1,,27,1,10005051102-1879-3081,,
H,1,49104,300,3,10,233300,2,10005051102-1879,10005051102,-7.50907464989362E1,3.871434117917E1,P,102,10,2,84,1,,1,1,6,12300,1,,19,1,10005051102-1879-3082,,
H,1,1373531,300,3,10,240790,2,10005051102-1880,10005051102,-7.5090460102418E1,3.8714074828086E1,P,300,10,1,86,1,,0,1,6,216100,1,,25,1,10005051102-1880-3083,,
H,1,1373531,300,3,10,240790,2,10005051102-1880,10005051102,-7.5090460102418E1,3.8714074828086E1,P,300,10,2,82,1,,1,1,6,24690,1,,24,1,10005051102-1880-3084,,
H,1,49104,300,3,10,233300,2,10005051102-1881,10005051102,-7.50902758120157E1,3.87146467409955E1,P,102,10,1,89,1,,0,1,6,221000,1,,27,1,10005051102-1881-3085,,
H,1,49104,300,3,10,233300,2,10005051102-1881,10005051102,-7.50902758120157E1,3.87146467409955E1,P,102,10,2,84,1,,1,1,6,12300,1,,19,1,10005051102-1881-3086,,
H,1,303617,300,3,10,12400,3,10005051102-1882,10005051102,-7.50897861264602E1,3.87136371606953E1,P,300,10,2,40,2,15,0,1,6,1200,1,3500,21,1,10005051102-1882-3087,,
H,1,303617,300,3,10,12400,3,10005051102-1882,10005051102,-7.50897861264602E1,3.87136371606953E1,P,300,10,1,42,1,,1,1,1,10000,1,6320,12,1,10005051102-1882-3088,,698179926
H,1,303617,300,3,10,12400,3,10005051102-1882,10005051102,-7.50897861264602E1,3.87136371606953E1,P,300,10,2,16,3,13,2,1,6,1200,1,4720,37,1,10005051102-1882-3089,A9901094,
H,1,644012,300,3,10,22000,3,10005051102-1883,10005051102,-7.508913198858E1,3.87135535508646E1,P,104,10,2,50,1,,0,1,1,22000,1,2630,10,1,10005051102-1883-3090,,597617893
H,1,644012,300,3,10,22000,3,10005051102-1883,10005051102,-7.508913198858E1,3.87135535508646E1,P,104,10,1,18,2,14,2,1,6,0,1,,10,1,10005051102-1883-3091,100081000364,
H,1,644012,300,3,10,22000,3,10005051102-1883,10005051102,-7.508913198858E1,3.87135535508646E1,P,104,10,2,16,2,12,2,1,6,0,1,,10,1,10005051102-1883-3092,100017000029,
H,1,248127,300,3,10,19600,3,10005051102-1884,10005051102,-7.50892656030355E1,3.87139818795676E1,P,101,10,2,44,1,,0,3,6,11500,1,4610,10,9,10005051102-1884-3093,,
H,1,248127,300,3,10,19600,3,10005051102-1884,10005051102,-7.50892656030355E1,3.87139818795676E1,P,101,10,1,61,1,,1,1,1,8100,1,7340,45,2,10005051102-1884-3094,,400288380
H,1,248127,300,3,10,19600,3,10005051102-1884,10005051102,-7.50892656030355E1,3.87139818795676E1,P,101,10,2,10,2,6,7,1,,,1,,10,2,10005051102-1884-3095,100068000075,
H,1,995197,300,3,10,30000,3,10005051102-1885,10005051102,-7.5089413699983E1,3.87135491547727E1,P,102,10,2,40,1,,0,1,1,30000,1,230,10,1,10005051102-1885-3096,,1704683
H,1,995197,300,3,10,30000,3,10005051102-1885,10005051102,-7.5089413699983E1,3.87135491547727E1,P,102,10,1,50,1,,1,1,6,0,1,,10,1,10005051102-1885-3097,,
H,1,995197,300,3,10,30000,3,10005051102-1885,10005051102,-7.5089413699983E1,3.87135491547727E1,P,102,10,1,8,2,5,2,1,,,1,,10,1,10005051102-1885-3098,100153000020,
H,1,871902,300,3,10,26500,3,10005051102-1886,10005051102,-7.50838094164948E1,3.87136578463687E1,P,300,10,2,46,1,,0,1,1,25000,1,430,42,1,10005051102-1886-3099,,244324679
H,1,871902,300,3,10,26500,3,10005051102-1886,10005051102,-7.50838094164948E1,3.87136578463687E1,P,300,10,1,25,1,,15,1,1,1500,1,4020,10,1,10005051102-1886-3100,,698524246
H,1,871902,300,3,10,26500,3,10005051102-1886,10005051102,-7.50838094164948E1,3.87136578463687E1,P,300,10,1,3,2,1,15,1,,,1,,10,1,10005051102-1886-3101,100081000364,
H,1,1238537,300,3,10,27010,3,10005051102-1887,10005051102,-7.50823980788206E1,3.8713425397955E1,P,103,10,2,60,1,,0,1,6,1010,1,120,10,1,10005051102-1887-3102,,
H,1,1238537,300,3,10,27010,3,10005051102-1887,10005051102,-7.50823980788206E1,3.8713425397955E1,P,103,10,1,67,1,,1,1,6,18000,1,,10,1,10005051102-1887-3103,,
H,1,1238537,300,3,10,27010,3,10005051102-1887,10005051102,-7.50823980788206E1,3.8713425397955E1,P,103,10,2,23,1,,2,1,6,8000,1,,10,1,10005051102-1887-3104,,
H,1,939856,300,3,10,43700,3,10005051102-1888,10005051102,-7.50840101990624E1,3.87134328179474E1,P,200,10,2,36,2,15,0,1,1,43700,1,5120,34,1,10005051102-1888-3105,,9145244
H,1,939856,300,3,10,43700,3,10005051102-1888,10005051102,-7.50840101990624E1,3.87134328179474E1,P,200,10,1,11,2,7,2,1,,,1,,10,1,10005051102-1888-3106,100081000364,
H,1,939856,300,3,10,43700,3,10005051102-1888,10005051102,-7.50840101990624E1,3.87134328179474E1,P,200,10,2,8,2,6,2,1,,,1,,10,1,10005051102-1888-3107,100068000088,
H,1,71362,300,3,10,37200,3,10005051102-1889,10005051102,-7.50835076864298E1,3.8713636362211E1,P,101,10,1,46,1,,0,3,6,10700,1,,36,1,10005051102-1889-3108,,
H,1,71362,300,3,10,37200,3,10005051102-1889,10005051102,-7.50835076864298E1,3.8713636362211E1,P,101,10,2,5,2,2,2,3,,,1,,34,1,10005051102-1889-3109,100017000036,
H,1,71362,300,3,10,37200,3,10005051102-1889,10005051102,-7.50835076864298E1,3.8713636362211E1,P,101,10,1,37,1,,15,3,1,26500,1,6230,72,1,10005051102-1889-3110,,619080344
H,1,355493,300,3,10,40200,3,10005051102-1890,10005051102,-7.5082680616741E1,3.87135328284936E1,P,102,10,2,66,1,,0,1,6,22200,1,4040,54,1,10005051102-1890-3111,,
H,1,355493,300,3,10,40200,3,10005051102-1890,10005051102,-7.5082680616741E1,3.87135328284936E1,P,102,10,1,26,2,15,7,1,1,4000,1,5310,10,1,10005051102-1890-3112,,312255664
H,1,355493,300,3,10,40200,3,10005051102-1890,10005051102,-7.5082680616741E1,3.87135328284936E1,P,102,10,1,47,1,,11,1,1,14000,1,4460,10,1,10005051102-1890-3113,,678075086
H,1,355493,300,3,10,40200,3,10005051102-1891,10005051102,-7.5082078656428E1,3.87136424255525E1,P,102,10,2,66,1,,0,1,6,22200,1,4040,54,1,10005051102-1891-3114,,
H,1,355493,300,3,10,40200,3,10005051102-1891,10005051102,-7.5082078656428E1,3.87136424255525E1,P,102,10,1,26,2,15,7,1,1,4000,1,5310,10,1,10005051102-1891-3115,,423040450
H,1,355493,300,3,10,40200,3,10005051102-1891,10005051102,-7.5082078656428E1,3.87136424255525E1,P,102,10,1,47,1,,11,1,1,14000,1,4460,10,1,10005051102-1891-3116,,597617893
H,1,1084386,300,3,10,38110,3,10005051102-1892,10005051102,-7.5083007281725E1,3.87133132346124E1,P,103,10,1,86,1,,0,24,6,34210,1,,6,1,10005051102-1892-3117,,
H,1,1084386,300,3,10,38110,3,10005051102-1892,10005051102,-7.5083007281725E1,3.87133132346124E1,P,103,10,1,49,2,15,2,24,6,2900,1,4700,10,1,10005051102-1892-3118,,
H,1,1084386,300,3,10,38110,3,10005051102-1892,10005051102,-7.5083007281725E1,3.87133132346124E1,P,103,10,2,19,2,14,7,24,1,1000,1,4030,10,1,10005051102-1892-3119,100081000364,121610976
H,1,547058,300,3,10,36700,3,10005051102-1893,10005051102,-7.5084301557764E1,3.8713655249674E1,P,300,10,1,69,1,,0,1,1,15300,1,9120,10,9,10005051102-1893-3120,,597327873
H,1,547058,300,3,10,36700,3,10005051102-1893,10005051102,-7.5084301557764E1,3.8713655249674E1,P,300,10,2,50,1,,11,1,6,1400,1,4320,10,1,10005051102-1893-3121,,
H,1,547058,300,3,10,36700,3,10005051102-1893,10005051102,-7.5084301557764E1,3.8713655249674E1,P,300,10,1,50,1,,11,1,1,20000,1,740,39,1,10005051102-1893-3122,,597617893
H,1,1477125,300,3,10,78000,3,10005051102-1894,10005051102,-7.50821683594267E1,3.87131682958057E1,P,300,10,1,28,1,,0,1,1,37000,1,3800,10,1,10005051102-1894-3123,,678074238
H,1,1477125,300,3,10,78000,3,10005051102-1894,10005051102,-7.50821683594267E1,3.87131682958057E1,P,300,10,2,30,1,,1,1,1,41000,1,2330,10,1,10005051102-1894-3124,,816175335
H,1,1477125,300,3,10,78000,3,10005051102-1894,10005051102,-7.50821683594267E1,3.87131682958057E1,P,300,10,2,6,2,3,2,1,,,1,,10,1,10005051102-1894-3125,100153000020,
H,1,1398362,300,3,10,57000,3,10005051102-1895,10005051102,-7.50839561165558E1,3.87135914777098E1,P,103,10,1,33,1,,0,1,1,55000,1,4850,10,1,10005051102-1895-3126,,541551099
H,1,1398362,300,3,10,57000,3,10005051102-1895,10005051102,-7.50839561165558E1,3.87135914777098E1,P,103,10,2,30,1,,1,1,1,2000,1,2310,10,1,10005051102-1895-3127,,816365795
H,1,1398362,300,3,10,57000,3,10005051102-1895,10005051102,-7.50839561165558E1,3.87135914777098E1,P,103,10,2,1,,,2,1,,,1,,10,1,10005051102-1895-3128,,
H,1,183125,300,3,10,70004,3,10005051102-1896,10005051102,-7.50828660896986E1,3.87135538948617E1,P,200,10,1,44,1,,0,1,1,70004,1,3600,36,1,10005051102-1896-3129,,597337641
H,1,183125,300,3,10,70004,3,10005051102-1896,10005051102,-7.50828660896986E1,3.87135538948617E1,P,200,10,2,12,2,8,2,1,,,1,,12,1,10005051102-1896-3130,100068000245,
H,1,183125,300,3,10,70004,3,10005051102-1896,10005051102,-7.50828660896986E1,3.87135538948617E1,P,200,10,1,9,2,5,2,1,,,1,,12,1,10005051102-1896-3131,100017000036,
H,1,156148,300,3,10,51200,3,10005051102-1897,10005051102,-7.50833580888665E1,3.87136962677031E1,P,102,10,1,40,1,,0,1,1,51000,1,6200,10,1,10005051102-1897-3132,,618857155
H,1,156148,300,3,10,51200,3,10005051102-1897,10005051102,-7.50833580888665E1,3.87136962677031E1,P,102,10,2,34,1,,1,1,1,200,1,20,10,1,10005051102-1897-3133,,597617893
H,1,156148,300,3,10,51200,3,10005051102-1897,10005051102,-7.50833580888665E1,3.87136962677031E1,P,102,10,1,3,2,1,2,1,,,1,,10,1,10005051102-1897-3134,100068000083,
H,1,461961,300,3,10,75250,3,10005051102-1898,10005051102,-7.508464665894E1,3.87131885748266E1,P,300,10,1,41,1,,0,1,1,15250,1,3800,110,1,10005051102-1898-3135,,816217558
H,1,461961,300,3,10,75250,3,10005051102-1898,10005051102,-7.508464665894E1,3.87131885748266E1,P,300,10,2,38,2,16,1,1,1,60000,1,3255,24,1,10005051102-1898-3136,,597325265
H,1,461961,300,3,10,75250,3,10005051102-1898,10005051102,-7.508464665894E1,3.87131885748266E1,P,300,10,2,2,,,2,1,,,1,,10,1,10005051102-1898-3137,,
H,1,511942,300,3,10,90700,3,10005051102-1899,10005051102,-7.5083295140517E1,3.87134859070693E1,P,300,10,2,43,1,,0,1,1,16500,1,3420,24,1,10005051102-1899-3138,,816242267
H,1,511942,300,3,10,90700,3,10005051102-1899,10005051102,-7.5083295140517E1,3.87134859070693E1,P,300,10,1,45,1,,1,1,1,67000,1,1920,10,1,10005051102-1899-3139,,816225726
H,1,511942,300,3,10,90700,3,10005051102-1899,10005051102,-7.5083295140517E1,3.87134859070693E1,P,300,10,2,18,1,,2,1,1,7200,1,4720,10,1,10005051102-1899-3140,,816175335
H,1,1051756,300,3,10,65000,3,10005051102-1900,10005051102,-7.5082508221129E1,3.87137397381185E1,P,101,10,1,40,1,,0,1,1,58000,1,6420,10,1,10005051102-1900-3141,,306054693
H,1,1051756,300,3,10,65000,3,10005051102-1900,10005051102,-7.5082508221129E1,3.87137397381185E1,P,101,10,2,2,,,2,1,,,1,,10,1,10005051102-1900-3142,,
H,1,1051756,300,3,10,65000,3,10005051102-1900,10005051102,-7.5082508221129E1,3.87137397381185E1,P,101,10,2,38,1,,13,1,1,7000,1,520,42,1,10005051102-1900-3143,,9145244
H,1,156148,300,3,10,51200,3,10005051102-1901,10005051102,-7.50839080219128E1,3.87133905264915E1,P,102,10,1,40,1,,0,1,1,51000,1,6200,10,1,10005051102-1901-3144,,219675618
H,1,156148,300,3,10,51200,3,10005051102-1901,10005051102,-7.50839080219128E1,3.87133905264915E1,P,102,10,2,34,1,,1,1,1,200,1,20,10,1,10005051102-1901-3145,,540900438
H,1,156148,300,3,10,51200,3,10005051102-1901,10005051102,-7.50839080219128E1,3.87133905264915E1,P,102,10,1,3,2,1,2,1,,,1,,10,1,10005051102-1901-3146,100153000020,
H,1,751338,300,3,10,82000,3,10005051102-1902,10005051102,-7.50826551644178E1,3.87134294131481E1,P,103,10,1,41,1,,0,1,1,62000,1,9130,36,1,10005051102-1902-3147,,518056726
H,1,751338,300,3,10,82000,3,10005051102-1902,10005051102,-7.50826551644178E1,3.87134294131481E1,P,103,10,2,39,1,,1,1,1,20000,1,5240,9,2,10005051102-1902-3148,,373799477
H,1,751338,300,3,10,82000,3,10005051102-1902,10005051102,-7.50826551644178E1,3.87134294131481E1,P,103,10,2,15,2,11,2,1,,0,1,,12,1,10005051102-1902-3149,100081000364,
H,1,366481,300,3,10,85000,3,10005051102-1903,10005051102,-7.50912860457833E1,3.87139068844531E1,P,200,10,2,36,1,,0,1,1,85000,1,100,10,1,10005051102-1903-3150,,221890676
H,1,366481,300,3,10,85000,3,10005051102-1903,10005051102,-7.50912860457833E1,3.87139068844531E1,P,200,10,1,7,2,3,2,1,,,1,,48,1,10005051102-1903-3151,100108000002,
H,1,366481,300,3,10,85000,3,10005051102-1903,10005051102,-7.50912860457833E1,3.87139068844531E1,P,200,10,2,5,2,2,2,1,,,1,,10,1,10005051102-1903-3152,100068000088,
H,1,10247,300,3,10,64000,3,10005051102-1904,10005051102,-7.5091243885782E1,3.8713689241751E1,P,103,10,1,41,1,,0,1,1,27000,1,5610,10,1,10005051102-1904-3153,,816365795
H,1,10247,300,3,10,64000,3,10005051102-1904,10005051102,-7.5091243885782E1,3.8713689241751E1,P,103,10,2,36,1,,1,1,1,37000,1,5120,10,1,10005051102-1904-3154,,545158602
H,1,10247,300,3,10,64000,3,10005051102-1904,10005051102,-7.5091243885782E1,3.8713689241751E1,P,103,10,2,7,2,3,2,1,,,1,,10,1,10005051102-1904-3155,100068000075,
H,1,521279,300,3,10,66000,3,10005051102-1905,10005051102,-7.5091734923423E1,3.87135350007527E1,P,200,10,1,37,1,,0,1,1,50000,1,7740,42,1,10005051102-1905-3156,,571958073
H,1,521279,300,3,10,66000,3,10005051102-1905,10005051102,-7.5091734923423E1,3.87135350007527E1,P,200,10,2,39,1,,1,1,1,16000,1,4320,10,1,10005051102-1905-3157,,634995393
H,1,521279,300,3,10,66000,3,10005051102-1905,10005051102,-7.5091734923423E1,3.87135350007527E1,P,200,10,2,12,2,9,4,1,,,1,,10,1,10005051102-1905-3158,100068000245,
H,1,554065,300,3,10,88240,3,10005051102-1906,10005051102,-7.5091634673402E1,3.87137034879217E1,P,200,10,2,52,1,,0,1,1,60030,1,800,10,1,10005051102-1906-3159,,304069560
H,1,554065,300,3,10,88240,3,10005051102-1906,10005051102,-7.5091634673402E1,3.87137034879217E1,P,200,10,2,22,1,,2,1,1,7810,1,4110,10,1,10005051102-1906-3160,,816198204
H,1,554065,300,3,10,88240,3,10005051102-1906,10005051102,-7.5091634673402E1,3.87137034879217E1,P,200,10,1,56,1,,13,1,6,20400,1,,10,1,10005051102-1906-3161,,
H,1,948214,300,3,10,58000,3,10005051102-1907,10005051102,-7.50808754299704E1,3.87138263938328E1,P,300,10,1,47,1,,0,1,1,56000,1,4760,24,1,10005051102-1907-3162,,307843334
H,1,948214,300,3,10,58000,3,10005051102-1907,10005051102,-7.50808754299704E1,3.87138263938328E1,P,300,10,2,41,1,,13,1,6,0,1,4000,24,1,10005051102-1907-3163,,
H,1,948214,300,3,10,58000,3,10005051102-1907,10005051102,-7.50808754299704E1,3.87138263938328E1,P,300,10,1,18,2,14,15,1,6,2000,1,2000,10,1,10005051102-1907-3164,100068000090,
H,1,948214,300,3,10,58000,3,10005051102-1908,10005051102,-7.50799499276763E1,3.87141904147446E1,P,300,10,1,47,1,,0,1,1,56000,1,4760,24,1,10005051102-1908-3165,,846204
H,1,948214,300,3,10,58000,3,10005051102-1908,10005051102,-7.50799499276763E1,3.87141904147446E1,P,300,10,2,41,1,,13,1,6,0,1,4000,24,1,10005051102-1908-3166,,
H,1,948214,300,3,10,58000,3,10005051102-1908,10005051102,-7.50799499276763E1,3.87141904147446E1,P,300,10,1,18,2,14,15,1,6,2000,1,2000,10,1,10005051102-1908-3167,100068000065,
H,1,1415343,300,3,10,68100,3,10005051102-1909,10005051102,-7.5078963178431E1,3.87138285833278E1,P,104,10,2,54,1,,0,1,6,34100,1,3500,10,1,10005051102-1909-3168,,
H,1,1415343,300,3,10,68100,3,10005051102-1909,10005051102,-7.5078963178431E1,3.87138285833278E1,P,104,10,1,27,1,,2,1,2,20000,1,5850,24,1,10005051102-1909-3169,,260351937
H,1,1415343,300,3,10,68100,3,10005051102-1909,10005051102,-7.5078963178431E1,3.87138285833278E1,P,104,10,1,24,2,15,2,1,3,14000,1,4720,10,1,10005051102-1909-3170,,
H,1,1467514,300,3,10,82000,3,10005051102-1910,10005051102,-7.50796635876574E1,3.87140142158992E1,P,103,10,2,52,1,,0,1,6,0,1,420,10,1,10005051102-1910-3171,,
H,1,1467514,300,3,10,82000,3,10005051102-1910,10005051102,-7.50796635876574E1,3.87140142158992E1,P,103,10,1,50,1,,1,1,1,45000,1,6320,33,1,10005051102-1910-3172,,597617893
H,1,1467514,300,3,10,82000,3,10005051102-1910,10005051102,-7.50796635876574E1,3.87140142158992E1,P,103,10,1,24,1,,2,1,1,37000,1,6320,10,1,10005051102-1910-3173,,400288412
H,1,908844,300,3,10,55600,3,10005051102-1911,10005051102,-7.50798100385254E1,3.87140058525961E1,P,200,10,2,54,2,15,0,3,1,30000,1,4060,36,1,10005051102-1911-3174,,652454174
H,1,908844,300,3,10,55600,3,10005051102-1911,10005051102,-7.50798100385254E1,3.87140058525961E1,P,200,10,1,17,2,14,2,3,1,15300,1,4020,36,2,10005051102-1911-3175,100168000170,455354506
H,1,908844,300,3,10,55600,3,10005051102-1911,10005051102,-7.50798100385254E1,3.87140058525961E1,P,200,10,2,16,3,12,2,3,6,10300,1,,36,2,10005051102-1911-3176,A0700397,
H,1,1071175,300,3,10,71000,3,10005051102-1912,10005051102,-7.50794595803235E1,3.87136114952428E1,P,200,10,2,45,1,,0,1,1,38000,1,5110,6,1,10005051102-1912-3177,,455363515
H,1,1071175,300,3,10,71000,3,10005051102-1912,10005051102,-7.50794595803235E1,3.87136114952428E1,P,200,10,2,23,1,,2,1,1,17000,1,3645,10,1,10005051102-1912-3178,,472702042
H,1,1071175,300,3,10,71000,3,10005051102-1912,10005051102,-7.50794595803235E1,3.87136114952428E1,P,200,10,1,21,1,,2,1,3,16000,1,9620,10,1,10005051102-1912-3179,,
H,1,1391477,300,3,10,93900,3,10005051102-1913,10005051102,-7.50790116449037E1,3.871419459731E1,P,300,10,2,46,1,,0,1,1,45000,1,5240,24,1,10005051102-1913-3180,,1165745
H,1,1391477,300,3,10,93900,3,10005051102-1913,10005051102,-7.50790116449037E1,3.871419459731E1,P,300,10,1,54,1,,1,1,1,48000,1,6260,10,1,10005051102-1913-3181,,987661600
H,1,1391477,300,3,10,93900,3,10005051102-1913,10005051102,-7.50790116449037E1,3.871419459731E1,P,300,10,1,22,1,,4,1,3,900,1,5240,10,1,10005051102-1913-3182,,
H,1,400799,300,3,10,70000,3,10005051102-1914,10005051102,-7.50789695267256E1,3.87141035877688E1,P,300,10,2,47,1,,0,1,1,70000,1,430,24,1,10005051102-1914-3183,,518058276
H,1,400799,300,3,10,70000,3,10005051102-1914,10005051102,-7.50789695267256E1,3.87141035877688E1,P,300,10,1,18,2,14,2,1,6,0,1,,10,1,10005051102-1914-3184,100027000080,
H,1,400799,300,3,10,70000,3,10005051102-1914,10005051102,-7.50789695267256E1,3.87141035877688E1,P,300,10,1,16,2,12,2,1,6,0,1,,10,1,10005051102-1914-3185,100027000080,
H,1,210693,300,3,10,66000,3,10005051102-1915,10005051102,-7.50775146893821E1,3.87140097552265E1,P,103,10,1,54,1,,0,3,1,46000,1,3930,72,1,10005051102-1915-3186,,472703883
H,1,210693,300,3,10,66000,3,10005051102-1915,10005051102,-7.50775146893821E1,3.87140097552265E1,P,103,10,2,55,1,,1,3,6,0,1,,36,1,10005051102-1915-3187,,
H,1,210693,300,3,10,66000,3,10005051102-1915,10005051102,-7.50775146893821E1,3.87140097552265E1,P,103,10,1,30,1,,2,3,1,20000,1,3930,6,1,10005051102-1915-3188,,571958073
H,1,450033,300,3,10,88000,3,10005051102-1916,10005051102,-7.50784067776383E1,3.8713899333789E1,P,103,10,1,56,1,,0,3,1,63000,1,5165,72,1,10005051102-1916-3189,,400853321
H,1,450033,300,3,10,88000,3,10005051102-1916,10005051102,-7.50784067776383E1,3.8713899333789E1,P,103,10,2,51,1,,1,3,6,0,1,,72,1,10005051102-1916-3190,,
H,1,450033,300,3,10,88000,3,10005051102-1916,10005051102,-7.50784067776383E1,3.8713899333789E1,P,103,10,2,30,1,,2,3,1,25000,1,5240,36,1,10005051102-1916-3191,,455364125
H,1,1247176,300,3,10,55500,3,10005051102-1917,10005051102,-7.50784713443674E1,3.87139335547253E1,P,300,10,1,59,1,,0,1,1,55000,1,2040,48,1,10005051102-1917-3192,,367252475
H,1,1247176,300,3,10,55500,3,10005051102-1917,10005051102,-7.50784713443674E1,3.87139335547253E1,P,300,10,2,55,1,,1,1,6,500,1,5320,10,1,10005051102-1917-3193,,
H,1,1247176,300,3,10,55500,3,10005051102-1917,10005051102,-7.50784713443674E1,3.87139335547253E1,P,300,10,2,33,1,,2,1,6,0,1,,10,1,10005051102-1917-3194,,
H,1,226591,300,3,10,76400,3,10005051102-1918,10005051102,-7.50765587356886E1,3.87138322796223E1,P,300,10,2,58,1,,0,1,1,76400,1,5940,10,1,10005051102-1918-3195,,518051784
H,1,226591,300,3,10,76400,3,10005051102-1918,10005051102,-7.50765587356886E1,3.87138322796223E1,P,300,10,2,11,2,6,7,1,,,1,,10,1,10005051102-1918-3196,100017000035,
H,1,226591,300,3,10,76400,3,10005051102-1918,10005051102,-7.50765587356886E1,3.87138322796223E1,P,300,10,1,54,1,,12,1,6,0,1,7750,10,1,10005051102-1918-3197,,
H,1,1175850,300,3,10,93060,3,10005051102-1919,10005051102,-7.50771113119466E1,3.87141278272876E1,P,103,10,2,56,1,,0,1,3,17060,1,4200,42,1,10005051102-1919-3198,,
H,1,1175850,300,3,10,93060,3,10005051102-1919,10005051102,-7.50771113119466E1,3.87141278272876E1,P,103,10,1,27,1,,2,1,1,54000,1,7340,10,1,10005051102-1919-3199,,816260640
H,1,1175850,300,3,10,93060,3,10005051102-1919,10005051102,-7.50771113119466E1,3.87141278272876E1,P,103,10,2,26,1,,2,1,1,22000,1,3245,10,1,10005051102-1919-3200,,816371603
H,1,1068477,300,3,10,98000,3,10005051102-1920,10005051102,-7.50772988416577E1,3.87139390777422E1,P,300,10,2,56,1,,0,1,1,40000,1,5700,24,1,10005051102-1920-3201,,455365114
H,1,1068477,300,3,10,98000,3,10005051102-1920,10005051102,-7.50772988416577E1,3.87139390777422E1,P,300,10,1,59,1,,1,1,1,48000,1,8620,24,1,10005051102-1920-3202,,611228073
H,1,1068477,300,3,10,98000,3,10005051102-1920,10005051102,-7.50772988416577E1,3.87139390777422E1,P,300,10,2,21,1,,3,1,1,10000,1,4720,24,2,10005051102-1920-3203,,1704683
H,1,140231,300,3,10,90500,3,10005051102-1921,10005051102,-7.50769701094346E1,3.87141985406687E1,P,300,10,1,58,1,,0,1,6,40000,1,2015,20,1,10005051102-1921-3204,,
H,1,140231,300,3,10,90500,3,10005051102-1921,10005051102,-7.50769701094346E1,3.87141985406687E1,P,300,10,2,56,1,,1,1,1,32000,1,2025,10,1,10005051102-1921-3205,,597323930
H,1,140231,300,3,10,90500,3,10005051102-1921,10005051102,-7.50769701094346E1,3.87141985406687E1,P,300,10,2,81,1,,6,1,6,18500,1,,10,1,10005051102-1921-3206,,
H,1,310048,300,3,10,80000,3,10005051102-1922,10005051102,-7.50784263197704E1,3.87141283519005E1,P,300,10,1,59,1,,0,1,1,27000,1,4250,42,1,10005051102-1922-3207,,669360687
H,1,310048,300,3,10,80000,3,10005051102-1922,10005051102,-7.50784263197704E1,3.87141283519005E1,P,300,10,2,53,1,,1,1,1,50000,1,3320,42,1,10005051102-1922-3208,,518052154
H,1,310048,300,3,10,80000,3,10005051102-1922,10005051102,-7.50784263197704E1,3.87141283519005E1,P,300,10,2,23,1,,2,1,1,3000,1,2720,42,1,10005051102-1922-3209,,649706470
H,1,307149,300,3,10,87800,3,10005051102-1923,10005051102,-7.50768855861144E1,3.8713995177364E1,P,102,10,1,56,1,,0,1,1,66000,1,5000,26,1,10005051102-1923-3210,,966223448
H,1,307149,300,3,10,87800,3,10005051102-1923,10005051102,-7.50768855861144E1,3.8713995177364E1,P,102,10,2,54,1,,1,1,6,10300,2,,109,1,10005051102-1923-3211,,
H,1,307149,300,3,10,87800,3,10005051102-1923,10005051102,-7.50768855861144E1,3.8713995177364E1,P,102,10,1,25,1,,2,1,3,11500,1,7010,51,1,10005051102-1923-3212,,
H,1,1068477,300,3,10,98000,3,10005051102-1924,10005051102,-7.50775673909307E1,3.87138355515772E1,P,300,10,2,56,1,,0,1,1,40000,1,5700,24,1,10005051102-1924-3213,,541557104
H,1,1068477,300,3,10,98000,3,10005051102-1924,10005051102,-7.50775673909307E1,3.87138355515772E1,P,300,10,1,59,1,,1,1,1,48000,1,8620,24,1,10005051102-1924-3214,,8672347
H,1,1068477,300,3,10,98000,3,10005051102-1924,10005051102,-7.50775673909307E1,3.87138355515772E1,P,300,10,2,21,1,,3,1,1,10000,1,4720,24,2,10005051102-1924-3215,,9145244
H,1,763350,300,3,10,63900,3,10005051102-1925,10005051102,-7.50768499825594E1,3.87143062371012E1,P,300,10,2,56,1,,0,1,1,31900,1,10,12,1,10005051102-1925-3216,,909459216
H,1,763350,300,3,10,63900,3,10005051102-1925,10005051102,-7.50768499825594E1,3.87143062371012E1,P,300,10,1,47,1,,1,1,1,32000,1,6320,10,1,10005051102-1925-3217,,905339750
H,1,763350,300,3,10,63900,3,10005051102-1925,10005051102,-7.50768499825594E1,3.87143062371012E1,P,300,10,1,32,1,,2,1,6,0,1,4020,10,1,10005051102-1925-3218,,
H,1,307149,300,3,10,87800,3,10005051102-1926,10005051102,-7.5078054374266E1,3.87140668260263E1,P,102,10,1,56,1,,0,1,1,66000,1,5000,26,1,10005051102-1926-3219,,540901303
H,1,307149,300,3,10,87800,3,10005051102-1926,10005051102,-7.5078054374266E1,3.87140668260263E1,P,102,10,2,54,1,,1,1,6,10300,2,,109,1,10005051102-1926-3220,,
H,1,307149,300,3,10,87800,3,10005051102-1926,10005051102,-7.5078054374266E1,3.87140668260263E1,P,102,10,1,25,1,,2,1,3,11500,1,7010,51,1,10005051102-1926-3221,,
H,1,1175850,300,3,10,93060,3,10005051102-1927,10005051102,-7.5078391677381E1,3.87141053532994E1,P,103,10,2,56,1,,0,1,3,17060,1,4200,42,1,10005051102-1927-3222,,
H,1,1175850,300,3,10,93060,3,10005051102-1927,10005051102,-7.5078391677381E1,3.87141053532994E1,P,103,10,1,27,1,,2,1,1,54000,1,7340,10,1,10005051102-1927-3223,,715925699
H,1,1175850,300,3,10,93060,3,10005051102-1927,10005051102,-7.5078391677381E1,3.87141053532994E1,P,103,10,2,26,1,,2,1,1,22000,1,3245,10,1,10005051102-1927-3224,,664390416
H,1,1274058,300,3,10,84800,3,10005051102-1928,10005051102,-7.50785611117752E1,3.8714346245624E1,P,300,10,2,57,1,,0,1,1,13000,1,4050,42,1,10005051102-1928-3225,,541561783
H,1,1274058,300,3,10,84800,3,10005051102-1928,10005051102,-7.50785611117752E1,3.8714346245624E1,P,300,10,1,66,1,,1,1,1,41800,1,4700,42,1,10005051102-1928-3226,,472711258
H,1,1274058,300,3,10,84800,3,10005051102-1928,10005051102,-7.50785611117752E1,3.8714346245624E1,P,300,10,1,37,1,,2,1,1,30000,1,4000,42,1,10005051102-1928-3227,,223575812
H,1,307149,300,3,10,87800,3,10005051102-1929,10005051102,-7.50760816390936E1,3.8714039628286E1,P,102,10,1,56,1,,0,1,1,66000,1,5000,26,1,10005051102-1929-3228,,816260954
H,1,307149,300,3,10,87800,3,10005051102-1929,10005051102,-7.50760816390936E1,3.8714039628286E1,P,102,10,2,54,1,,1,1,6,10300,2,,109,1,10005051102-1929-3229,,
H,1,307149,300,3,10,87800,3,10005051102-1929,10005051102,-7.50760816390936E1,3.8714039628286E1,P,102,10,1,25,1,,2,1,3,11500,1,7010,51,1,10005051102-1929-3230,,
H,1,854406,300,3,10,80100,3,10005051102-1930,10005051102,-7.50772105629703E1,3.87143488474403E1,P,101,10,2,56,1,,0,1,1,37800,1,4700,17,1,10005051102-1930-3231,,597617893
H,1,854406,300,3,10,80100,3,10005051102-1930,10005051102,-7.50772105629703E1,3.87143488474403E1,P,101,10,1,46,1,,13,1,1,33600,1,9130,10,1,10005051102-1930-3232,,987662996
H,1,854406,300,3,10,80100,3,10005051102-1930,10005051102,-7.50772105629703E1,3.87143488474403E1,P,101,10,1,47,1,,15,1,6,8700,1,,10,1,10005051102-1930-3233,,
H,1,474683,300,3,10,77850,3,10005051102-1931,10005051102,-7.50909281283826E1,3.87137814892825E1,P,101,10,2,60,1,,0,1,6,65550,1,,10,1,10005051102-1931-3234,,
H,1,474683,300,3,10,77850,3,10005051102-1931,10005051102,-7.50909281283826E1,3.87137814892825E1,P,101,10,1,35,1,,4,1,1,1700,1,5620,10,1,10005051102-1931-3235,,518053327
H,1,474683,300,3,10,77850,3,10005051102-1931,10005051102,-7.50909281283826E1,3.87137814892825E1,P,101,10,2,60,1,,10,1,6,10600,1,,45,1,10005051102-1931-3236,,
H,1,26919,300,3,10,71800,3,10005051102-1932,10005051102,-7.509074956193E1,3.8713374995874E1,P,200,10,2,62,1,,0,1,6,12400,1,,24,1,10005051102-1932-3237,,
H,1,26919,300,3,10,71800,3,10005051102-1932,10005051102,-7.509074956193E1,3.8713374995874E1,P,200,10,1,68,1,,1,1,1,58400,1,3800,10,1,10005051102-1932-3238,,611225996
H,1,26919,300,3,10,71800,3,10005051102-1932,10005051102,-7.509074956193E1,3.8713374995874E1,P,200,10,1,18,2,14,7,1,1,1000,1,7150,10,1,10005051102-1932-3239,100185000194,668114333
H,1,540448,300,3,10,89000,3,10005051102-1933,10005051102,-7.50912436570553E1,3.8714007878743E1,P,300,10,1,60,1,,0,1,1,59000,1,6660,24,1,10005051102-1933-3240,,597617893
H,1,540448,300,3,10,89000,3,10005051102-1933,10005051102,-7.50912436570553E1,3.8714007878743E1,P,300,10,1,24,1,,9,1,1,30000,1,4760,10,1,10005051102-1933-3241,,1704683
H,1,540448,300,3,10,89000,3,10005051102-1933,10005051102,-7.50912436570553E1,3.8714007878743E1,P,300,10,2,47,1,,13,1,6,0,1,,10,1,10005051102-1933-3242,,
H,1,474683,300,3,10,77850,3,10005051102-1934,10005051102,-7.5091627401029E1,3.8714505769007E1,P,101,10,2,60,1,,0,1,6,65550,1,,10,1,10005051102-1934-3243,,
H,1,474683,300,3,10,77850,3,10005051102-1934,10005051102,-7.5091627401029E1,3.8714505769007E1,P,101,10,1,35,1,,4,1,1,1700,1,5620,10,1,10005051102-1934-3244,,121564876
H,1,474683,300,3,10,77850,3,10005051102-1934,10005051102,-7.5091627401029E1,3.8714505769007E1,P,101,10,2,60,1,,10,1,6,10600,1,,45,1,10005051102-1934-3245,,
H,1,247655,300,3,10,60400,3,10005051102-1935,10005051102,-7.50863413739342E1,3.8714046598679E1,P,200,10,2,67,1,,0,1,6,34800,1,5550,36,1,10005051102-1935-3246,,
H,1,247655,300,3,10,60400,3,10005051102-1935,10005051102,-7.50863413739342E1,3.8714046598679E1,P,200,10,2,47,1,,2,1,1,25600,1,4720,48,1,10005051102-1935-3247,,455354928
H,1,247655,300,3,10,60400,3,10005051102-1935,10005051102,-7.50863413739342E1,3.8714046598679E1,P,200,10,1,48,1,,15,1,6,0,1,,48,1,10005051102-1935-3248,,
H,1,1426470,300,3,10,58600,3,10005051102-1936,10005051102,-7.5087192906278E1,3.87141684958393E1,P,102,10,1,72,1,,0,1,6,36000,1,7010,42,1,10005051102-1936-3249,,
H,1,1426470,300,3,10,58600,3,10005051102-1936,10005051102,-7.5087192906278E1,3.87141684958393E1,P,102,10,2,70,1,,1,1,6,22600,1,,42,1,10005051102-1936-3250,,
H,1,1426470,300,3,10,58600,3,10005051102-1936,10005051102,-7.5087192906278E1,3.87141684958393E1,P,102,10,1,14,2,10,7,1,,,1,,10,9,10005051102-1936-3251,100027000078,
H,1,364834,300,3,10,89200,3,10005051102-1937,10005051102,-7.50871232825654E1,3.87135931309885E1,P,200,10,2,72,1,,0,1,6,39200,1,,29,1,10005051102-1937-3252,,
H,1,364834,300,3,10,89200,3,10005051102-1937,10005051102,-7.50871232825654E1,3.87135931309885E1,P,200,10,1,47,1,,2,1,6,12000,1,4965,10,1,10005051102-1937-3253,,
H,1,364834,300,3,10,89200,3,10005051102-1937,10005051102,-7.50871232825654E1,3.87135931309885E1,P,200,10,2,34,1,,15,1,1,38000,1,4820,10,1,10005051102-1937-3254,,715925699
H,1,247655,300,3,10,60400,3,10005051102-1938,10005051102,-7.50868345275446E1,3.87138176056093E1,P,200,10,2,67,1,,0,1,6,34800,1,5550,36,1,10005051102-1938-3255,,
H,1,247655,300,3,10,60400,3,10005051102-1938,10005051102,-7.50868345275446E1,3.87138176056093E1,P,200,10,2,47,1,,2,1,1,25600,1,4720,48,1,10005051102-1938-3256,,597617893
H,1,247655,300,3,10,60400,3,10005051102-1938,10005051102,-7.50868345275446E1,3.87138176056093E1,P,200,10,1,48,1,,15,1,6,0,1,,48,1,10005051102-1938-3257,,
H,1,1352685,300,3,10,87750,3,10005051102-1939,10005051102,-7.50877402598745E1,3.8714016776842E1,P,103,10,1,71,1,,0,1,6,40050,1,,13,1,10005051102-1939-3258,,
H,1,1352685,300,3,10,87750,3,10005051102-1939,10005051102,-7.50877402598745E1,3.8714016776842E1,P,103,10,2,70,1,,1,1,6,17650,1,,10,1,10005051102-1939-3259,,
H,1,1352685,300,3,10,87750,3,10005051102-1939,10005051102,-7.50877402598745E1,3.8714016776842E1,P,103,10,1,45,1,,3,1,1,30050,1,4720,10,1,10005051102-1939-3260,,246521835
H,1,332166,300,3,10,77400,3,10005051102-1940,10005051102,-7.50878157211418E1,3.87140718583516E1,P,300,10,1,73,1,,0,1,6,46300,1,,42,1,10005051102-1940-3261,,
H,1,332166,300,3,10,77400,3,10005051102-1940,10005051102,-7.50878157211418E1,3.87140718583516E1,P,300,10,2,71,1,,1,1,6,12800,1,,42,1,10005051102-1940-3262,,
H,1,332166,300,3,10,77400,3,10005051102-1940,10005051102,-7.50878157211418E1,3.87140718583516E1,P,300,10,2,93,1,,8,1,6,18300,1,,34,1,10005051102-1940-3263,,
H,1,247655,300,3,10,60400,3,10005051102-1941,10005051102,-7.50874394751411E1,3.87139422724614E1,P,200,10,2,67,1,,0,1,6,34800,1,5550,36,1,10005051102-1941-3264,,
H,1,247655,300,3,10,60400,3,10005051102-1941,10005051102,-7.50874394751411E1,3.87139422724614E1,P,200,10,2,47,1,,2,1,1,25600,1,4720,48,1,10005051102-1941-3265,,902098714
H,1,247655,300,3,10,60400,3,10005051102-1941,10005051102,-7.50874394751411E1,3.87139422724614E1,P,200,10,1,48,1,,15,1,6,0,1,,48,1,10005051102-1941-3266,,
H,1,1040988,300,3,10,94200,3,10005051102-1942,10005051102,-7.508629496141E1,3.87139926925246E1,P,104,10,1,67,1,,0,1,6,58800,1,1320,10,1,10005051102-1942-3267,,
H,1,1040988,300,3,10,94200,3,10005051102-1942,10005051102,-7.508629496141E1,3.87139926925246E1,P,104,10,2,67,1,,1,1,6,20400,1,,34,1,10005051102-1942-3268,,
H,1,1040988,300,3,10,94200,3,10005051102-1942,10005051102,-7.508629496141E1,3.87139926925246E1,P,104,10,1,38,1,,2,1,2,15000,1,5620,10,1,10005051102-1942-3269,,571957836
H,1,588337,300,3,10,61500,3,10005051102-1943,10005051102,-7.50865492249962E1,3.8713765563115E1,P,300,10,1,71,1,,0,1,6,20000,1,,24,1,10005051102-1943-3270,,
H,1,588337,300,3,10,61500,3,10005051102-1943,10005051102,-7.50865492249962E1,3.8713765563115E1,P,300,10,2,68,1,,1,1,1,34000,1,2720,51,1,10005051102-1943-3271,,966223950
H,1,588337,300,3,10,61500,3,10005051102-1943,10005051102,-7.50865492249962E1,3.8713765563115E1,P,300,10,1,35,1,,2,1,1,7500,1,2340,24,1,10005051102-1943-3272,,423044072
H,1,1426470,300,3,10,58600,3,10005051102-1944,10005051102,-7.50872287998185E1,3.87139687394153E1,P,102,10,1,72,1,,0,1,6,36000,1,7010,42,1,10005051102-1944-3273,,
H,1,1426470,300,3,10,58600,3,10005051102-1944,10005051102,-7.50872287998185E1,3.87139687394153E1,P,102,10,2,70,1,,1,1,6,22600,1,,42,1,10005051102-1944-3274,,
H,1,1426470,300,3,10,58600,3,10005051102-1944,10005051102,-7.50872287998185E1,3.87139687394153E1,P,102,10,1,14,2,10,7,1,,,1,,10,9,10005051102-1944-3275,100068000085,
H,1,292115,300,3,10,88900,3,10005051102-1945,10005051102,-7.50869599256503E1,3.87135319339392E1,P,300,10,2,70,1,,0,1,6,37900,1,,42,1,10005051102-1945-3276,,
H,1,292115,300,3,10,88900,3,10005051102-1945,10005051102,-7.50869599256503E1,3.87135319339392E1,P,300,10,1,46,1,,2,1,3,51000,1,4850,22,1,10005051102-1945-3277,,
H,1,292115,300,3,10,88900,3,10005051102-1945,10005051102,-7.50869599256503E1,3.87135319339392E1,P,300,10,2,16,2,12,7,1,3,0,1,9920,10,1,10005051102-1945-3278,100081000100,
H,1,851217,300,3,10,64710,3,10005051102-1946,10005051102,-7.50876138211473E1,3.87138890884552E1,P,300,10,1,76,1,,0,1,6,42400,1,,51,1,10005051102-1946-3279,,
H,1,851217,300,3,10,64710,3,10005051102-1946,10005051102,-7.50876138211473E1,3.87138890884552E1,P,300,10,1,53,1,,2,1,3,21000,1,4850,24,1,10005051102-1946-3280,,
H,1,851217,300,3,10,64710,3,10005051102-1946,10005051102,-7.50876138211473E1,3.87138890884552E1,P,300,10,1,18,1,,7,1,2,1310,1,3955,10,1,10005051102-1946-3281,,597323245
H,1,206403,300,3,10,91600,3,10005051102-1947,10005051102,-7.50887002603055E1,3.8713962433089E1,P,103,10,1,76,1,,0,1,1,84200,1,1965,10,1,10005051102-1947-3282,,452187800
H,1,206403,300,3,10,91600,3,10005051102-1947,10005051102,-7.50887002603055E1,3.8713962433089E1,P,103,10,2,72,1,,1,1,6,7400,1,,10,1,10005051102-1947-3283,,
H,1,206403,300,3,10,91600,3,10005051102-1947,10005051102,-7.50887002603055E1,3.8713962433089E1,P,103,10,1,52,1,,2,1,6,0,1,6200,10,1,10005051102-1947-3284,,
H,1,206403,300,3,10,91600,3,10005051102-1948,10005051102,-7.50878027329211E1,3.87137197808531E1,P,103,10,1,76,1,,0,1,1,84200,1,1965,10,1,10005051102-1948-3285,,455354506
H,1,206403,300,3,10,91600,3,10005051102-1948,10005051102,-7.50878027329211E1,3.87137197808531E1,P,103,10,2,72,1,,1,1,6,7400,1,,10,1,10005051102-1948-3286,,
H,1,206403,300,3,10,91600,3,10005051102-1948,10005051102,-7.50878027329211E1,3.87137197808531E1,P,103,10,1,52,1,,2,1,6,0,1,6200,10,1,10005051102-1948-3287,,
H,1,800160,300,3,10,89700,3,10005051102-1949,10005051102,-7.50876990979676E1,3.87139559339015E1,P,200,10,1,76,1,,0,1,6,51000,1,,24,1,10005051102-1949-3288,,
H,1,800160,300,3,10,89700,3,10005051102-1949,10005051102,-7.50876990979676E1,3.87139559339015E1,P,200,10,2,70,1,,1,1,6,28000,1,,42,1,10005051102-1949-3289,,
H,1,800160,300,3,10,89700,3,10005051102-1949,10005051102,-7.50876990979676E1,3.87139559339015E1,P,200,10,2,18,2,15,7,1,1,10700,1,4060,10,1,10005051102-1949-3290,,816368500
H,1,70226,300,3,10,90600,3,10005051102-1950,10005051102,-7.50821753763371E1,3.87141518730485E1,P,300,10,1,77,1,,0,1,6,27600,1,6355,10,1,10005051102-1950-3291,,
H,1,70226,300,3,10,90600,3,10005051102-1950,10005051102,-7.50821753763371E1,3.87141518730485E1,P,300,10,2,64,1,,1,1,6,52800,1,5140,10,1,10005051102-1950-3292,,
H,1,70226,300,3,10,90600,3,10005051102-1950,10005051102,-7.50821753763371E1,3.87141518730485E1,P,300,10,2,52,1,,10,1,6,10200,1,,10,1,10005051102-1950-3293,,
H,1,967922,300,3,10,56000,3,10005051102-1951,10005051102,-7.50816639131543E1,3.8714548265589E1,P,104,10,1,81,1,,0,1,6,21000,1,,10,1,10005051102-1951-3294,,
H,1,967922,300,3,10,56000,3,10005051102-1951,10005051102,-7.50816639131543E1,3.8714548265589E1,P,104,10,2,77,1,,1,1,6,20000,1,,10,1,10005051102-1951-3295,,
H,1,967922,300,3,10,56000,3,10005051102-1951,10005051102,-7.50816639131543E1,3.8714548265589E1,P,104,10,1,47,1,,2,1,1,15000,1,7010,10,1,10005051102-1951-3296,,697464006
H,1,283057,300,3,10,92500,3,10005051102-1952,10005051102,-7.50833393609714E1,3.87142483320216E1,P,300,10,2,82,1,,0,1,6,13500,1,,24,1,10005051102-1952-3297,,
H,1,283057,300,3,10,92500,3,10005051102-1952,10005051102,-7.50833393609714E1,3.87142483320216E1,P,300,10,1,89,1,,1,1,6,79000,1,,36,1,10005051102-1952-3298,,
H,1,283057,300,3,10,92500,3,10005051102-1952,10005051102,-7.50833393609714E1,3.87142483320216E1,P,300,10,2,61,1,,10,1,3,0,1,9920,36,1,10005051102-1952-3299,,
H,1,482367,300,3,10,63000,3,10005051102-1953,10005051102,-7.50841496634788E1,3.87142256052778E1,P,200,10,2,40,1,,0,1,1,31000,1,5700,10,1,10005051102-1953-3300,,121588180
H,1,482367,300,3,10,63000,3,10005051102-1953,10005051102,-7.50841496634788E1,3.87142256052778E1,P,200,10,1,48,1,,1,1,1,27000,1,4050,10,2,10005051102-1953-3301,,374755510
H,1,482367,300,3,10,63000,3,10005051102-1953,10005051102,-7.50841496634788E1,3.87142256052778E1,P,200,10,1,17,2,13,2,1,1,5000,1,4720,10,9,10005051102-1953-3302,100027000080,816371363
H,1,417844,300,3,10,67570,3,10005051102-1954,10005051102,-7.50837092580998E1,3.87143608846035E1,P,102,10,2,87,1,,0,1,6,12570,1,,42,1,10005051102-1954-3303,,
H,1,417844,300,3,10,67570,3,10005051102-1954,10005051102,-7.50837092580998E1,3.87143608846035E1,P,102,10,1,38,1,,7,1,1,33000,1,8500,10,1,10005051102-1954-3304,,1754217
H,1,417844,300,3,10,67570,3,10005051102-1954,10005051102,-7.50837092580998E1,3.87143608846035E1,P,102,10,2,36,1,,15,1,1,22000,1,2540,10,1,10005051102-1954-3305,,455353631
H,1,113908,300,3,10,54500,3,10005051102-1955,10005051102,-7.50845115238284E1,3.87138243342708E1,P,300,10,1,47,1,,0,1,1,34500,1,5220,42,1,10005051102-1955-3306,,816260228
H,1,113908,300,3,10,54500,3,10005051102-1955,10005051102,-7.50845115238284E1,3.87138243342708E1,P,300,10,2,21,1,,2,1,1,20000,1,4000,10,1,10005051102-1955-3307,,423040385
H,1,113908,300,3,10,54500,3,10005051102-1955,10005051102,-7.50845115238284E1,3.87138243342708E1,P,300,10,2,18,2,12,2,1,6,0,1,,10,1,10005051102-1955-3308,100068000090,
H,1,417844,300,3,10,67570,3,10005051102-1956,10005051102,-7.50835956079482E1,3.87144295610357E1,P,102,10,2,87,1,,0,1,6,12570,1,,42,1,10005051102-1956-3309,,
H,1,417844,300,3,10,67570,3,10005051102-1956,10005051102,-7.50835956079482E1,3.87144295610357E1,P,102,10,1,38,1,,7,1,1,33000,1,8500,10,1,10005051102-1956-3310,,816363188
H,1,417844,300,3,10,67570,3,10005051102-1956,10005051102,-7.50835956079482E1,3.87144295610357E1,P,102,10,2,36,1,,15,1,1,22000,1,2540,10,1,10005051102-1956-3311,,571957471
H,1,133099,300,3,10,70100,3,10005051102-1957,10005051102,-7.5082118392876E1,3.8714628975774E1,P,200,10,1,36,1,,0,2,1,20100,2,2200,303,8,10005051102-1957-3312,,455354506
H,1,133099,300,3,10,70100,3,10005051102-1957,10005051102,-7.5082118392876E1,3.8714628975774E1,P,200,10,2,37,1,,1,2,1,50000,2,2200,303,8,10005051102-1957-3313,,9145244
H,1,133099,300,3,10,70100,3,10005051102-1957,10005051102,-7.5082118392876E1,3.8714628975774E1,P,200,10,1,7,2,4,2,2,,,1,,4,8,10005051102-1957-3314,100017000036,
H,1,284450,300,3,10,50000,3,10005051102-1958,10005051102,-7.50836146320364E1,3.87143460518811E1,P,200,10,2,49,1,,0,1,6,0,1,4760,42,9,10005051102-1958-3315,,
H,1,284450,300,3,10,50000,3,10005051102-1958,10005051102,-7.50836146320364E1,3.87143460518811E1,P,200,10,1,51,1,,1,1,1,50000,1,9600,42,1,10005051102-1958-3316,,545158602
H,1,284450,300,3,10,50000,3,10005051102-1958,10005051102,-7.50836146320364E1,3.87143460518811E1,P,200,10,1,27,1,,2,1,3,0,1,9620,10,1,10005051102-1958-3317,,
H,1,284450,300,3,10,50000,3,10005051102-1959,10005051102,-7.50817112659851E1,3.87142874582823E1,P,200,10,2,49,1,,0,1,6,0,1,4760,42,9,10005051102-1959-3318,,
H,1,284450,300,3,10,50000,3,10005051102-1959,10005051102,-7.50817112659851E1,3.87142874582823E1,P,200,10,1,51,1,,1,1,1,50000,1,9600,42,1,10005051102-1959-3319,,545158602
H,1,284450,300,3,10,50000,3,10005051102-1959,10005051102,-7.50817112659851E1,3.87142874582823E1,P,200,10,1,27,1,,2,1,3,0,1,9620,10,1,10005051102-1959-3320,,
H,1,271604,300,3,10,82000,3,10005051102-1960,10005051102,-7.5083016729472E1,3.87143459162814E1,P,101,10,2,55,1,,0,1,1,50000,1,540,303,9,10005051102-1960-3321,,366833499
H,1,271604,300,3,10,82000,3,10005051102-1960,10005051102,-7.5083016729472E1,3.87143459162814E1,P,101,10,1,40,1,,10,1,1,32000,1,4750,10,2,10005051102-1960-3322,,816252555
H,1,271604,300,3,10,82000,3,10005051102-1960,10005051102,-7.5083016729472E1,3.87143459162814E1,P,101,10,2,18,2,14,10,1,6,0,1,,10,9,10005051102-1960-3323,100068000085,
H,1,271604,300,3,10,82000,3,10005051102-1961,10005051102,-7.50839250290002E1,3.871413999575E1,P,101,10,2,55,1,,0,1,1,50000,1,540,303,9,10005051102-1961-3324,,545158602
H,1,271604,300,3,10,82000,3,10005051102-1961,10005051102,-7.50839250290002E1,3.871413999575E1,P,101,10,1,40,1,,10,1,1,32000,1,4750,10,2,10005051102-1961-3325,,672580420
H,1,271604,300,3,10,82000,3,10005051102-1961,10005051102,-7.50839250290002E1,3.871413999575E1,P,101,10,2,18,2,14,10,1,6,0,1,,10,9,10005051102-1961-3326,100027000080,
H,1,1212843,300,3,10,130000,3,10005051102-1962,10005051102,-7.50823014391254E1,3.87143945379406E1,P,103,10,2,26,1,,0,1,1,105000,1,540,20,1,10005051102-1962-3327,,493540421
H,1,1212843,300,3,10,130000,3,10005051102-1962,10005051102,-7.50823014391254E1,3.87143945379406E1,P,103,10,2,0,,,2,1,,,1,,10,1,10005051102-1962-3328,,
H,1,1212843,300,3,10,130000,3,10005051102-1962,10005051102,-7.50823014391254E1,3.87143945379406E1,P,103,10,1,41,1,,13,1,6,25000,1,4220,10,1,10005051102-1962-3329,,
H,1,512539,300,3,10,100000,3,10005051102-1963,10005051102,-7.50838520837491E1,3.8714232425946E1,P,101,10,2,38,1,,0,1,1,49000,1,2430,10,1,10005051102-1963-3330,,518049374
H,1,512539,300,3,10,100000,3,10005051102-1963,10005051102,-7.50838520837491E1,3.8714232425946E1,P,101,10,1,41,2,15,1,3,1,51000,1,110,36,9,10005051102-1963-3331,,8306680
H,1,512539,300,3,10,100000,3,10005051102-1963,10005051102,-7.50838520837491E1,3.8714232425946E1,P,101,10,2,9,2,6,2,3,,,1,,10,9,10005051102-1963-3332,100068000083,
H,1,1448939,300,3,10,128500,3,10005051102-1964,10005051102,-7.50844986066767E1,3.87142295204116E1,P,300,10,2,38,1,,0,1,1,48500,1,710,24,1,10005051102-1964-3333,,816199111
H,1,1448939,300,3,10,128500,3,10005051102-1964,10005051102,-7.50844986066767E1,3.87142295204116E1,P,300,10,1,45,1,,1,1,1,80000,1,5520,24,1,10005051102-1964-3334,,121577936
H,1,1448939,300,3,10,128500,3,10005051102-1964,10005051102,-7.50844986066767E1,3.87142295204116E1,P,300,10,2,5,3,1,2,1,,,1,,24,1,10005051102-1964-3335,A0101590,
H,1,350755,300,3,10,150000,3,10005051102-1965,10005051102,-7.50833274618365E1,3.87143695876411E1,P,300,10,1,37,1,,0,1,1,40000,1,4250,42,1,10005051102-1965-3336,,121577969
H,1,350755,300,3,10,150000,3,10005051102-1965,10005051102,-7.50833274618365E1,3.87143695876411E1,P,300,10,2,33,1,,1,1,1,110000,1,120,24,1,10005051102-1965-3337,,678070723
H,1,350755,300,3,10,150000,3,10005051102-1965,10005051102,-7.50833274618365E1,3.87143695876411E1,P,300,10,1,2,,,2,1,,,1,,10,1,10005051102-1965-3338,,
H,1,1305216,300,3,10,186000,3,10005051102-1966,10005051102,-7.50828804876096E1,3.87143302638823E1,P,101,10,2,38,3,16,0,1,1,108000,1,2016,34,1,10005051102-1966-3339,,400174112
H,1,1305216,300,3,10,186000,3,10005051102-1966,10005051102,-7.50828804876096E1,3.87143302638823E1,P,101,10,1,36,1,,1,1,1,78000,1,50,34,1,10005051102-1966-3340,,909464257
H,1,1305216,300,3,10,186000,3,10005051102-1966,10005051102,-7.50828804876096E1,3.87143302638823E1,P,101,10,1,3,3,1,2,1,,,1,,10,1,10005051102-1966-3341,00249963,
H,1,913861,300,3,10,100000,3,10005051102-1967,10005051102,-7.50840650299008E1,3.87138285222026E1,P,200,10,2,42,2,15,0,1,1,65000,1,7140,36,1,10005051102-1967-3342,,1165745
H,1,913861,300,3,10,100000,3,10005051102-1967,10005051102,-7.50840650299008E1,3.87138285222026E1,P,200,10,1,41,2,16,1,1,1,35000,1,7030,54,1,10005051102-1967-3343,,374755510
H,1,913861,300,3,10,100000,3,10005051102-1967,10005051102,-7.50840650299008E1,3.87138285222026E1,P,200,10,1,15,2,11,2,1,,0,1,,10,1,10005051102-1967-3344,100168000170,
H,1,232895,300,3,10,143000,3,10005051102-1968,10005051102,-7.50912991137806E1,3.87138462821707E1,P,300,10,1,35,1,,0,1,1,98000,1,1410,48,1,10005051102-1968-3345,,227314101
H,1,232895,300,3,10,143000,3,10005051102-1968,10005051102,-7.50912991137806E1,3.87138462821707E1,P,300,10,2,34,1,,1,1,1,45000,1,3620,10,1,10005051102-1968-3346,,614161180
H,1,232895,300,3,10,143000,3,10005051102-1968,10005051102,-7.50912991137806E1,3.87138462821707E1,P,300,10,1,0,,,2,1,,,1,,10,1,10005051102-1968-3347,,
H,1,1305216,300,3,10,186000,3,10005051102-1969,10005051102,-7.50914543237206E1,3.87142604887187E1,P,101,10,2,38,3,16,0,1,1,108000,1,2016,34,1,10005051102-1969-3348,,909457004
H,1,1305216,300,3,10,186000,3,10005051102-1969,10005051102,-7.50914543237206E1,3.87142604887187E1,P,101,10,1,36,1,,1,1,1,78000,1,50,34,1,10005051102-1969-3349,,400853115
H,1,1305216,300,3,10,186000,3,10005051102-1969,10005051102,-7.50914543237206E1,3.87142604887187E1,P,101,10,1,3,3,1,2,1,,,1,,10,1,10005051102-1969-3350,A9901094,
H,1,842863,300,3,10,126000,3,10005051102-1970,10005051102,-7.50917851549317E1,3.87142369283551E1,P,200,10,1,52,1,,0,2,1,41000,1,3930,139,1,10005051102-1970-3351,,400853107
H,1,842863,300,3,10,126000,3,10005051102-1970,10005051102,-7.50917851549317E1,3.87142369283551E1,P,200,10,2,50,1,,1,1,1,85000,1,350,10,1,10005051102-1970-3352,,685432601
H,1,842863,300,3,10,126000,3,10005051102-1970,10005051102,-7.50917851549317E1,3.87142369283551E1,P,200,10,2,15,2,12,2,2,,0,1,,10,1,10005051102-1970-3353,100017000029,
H,1,503211,300,3,10,100000,3,10005051102-1971,10005051102,-7.50909360251262E1,3.87141719184631E1,P,104,10,2,46,1,,0,1,1,50000,1,1965,36,1,10005051102-1971-3354,,121584452
H,1,503211,300,3,10,100000,3,10005051102-1971,10005051102,-7.50909360251262E1,3.87141719184631E1,P,104,10,1,49,1,,1,1,1,50000,1,6200,10,1,10005051102-1971-3355,,597617893
H,1,503211,300,3,10,100000,3,10005051102-1971,10005051102,-7.50909360251262E1,3.87141719184631E1,P,104,10,2,14,3,11,2,1,,,1,,10,1,10005051102-1971-3356,00249963,
H,1,1430527,300,3,10,107500,3,10005051102-1972,10005051102,-7.50910512674866E1,3.87142928301198E1,P,103,10,1,51,1,,0,1,1,80000,1,1550,45,1,10005051102-1972-3357,,1704683
H,1,1430527,300,3,10,107500,3,10005051102-1972,10005051102,-7.50910512674866E1,3.87142928301198E1,P,103,10,2,50,1,,1,1,1,20000,1,2300,10,1,10005051102-1972-3358,,987666724
H,1,1430527,300,3,10,107500,3,10005051102-1972,10005051102,-7.50910512674866E1,3.87142928301198E1,P,103,10,1,24,2,15,2,1,1,7500,1,5620,10,1,10005051102-1972-3359,,121610265
H,1,1409122,300,3,10,116200,3,10005051102-1973,10005051102,-7.50900726719366E1,3.87140326262933E1,P,200,10,2,50,1,,0,1,2,11000,1,4740,10,1,10005051102-1973-3360,,423044072
H,1,1409122,300,3,10,116200,3,10005051102-1973,10005051102,-7.50900726719366E1,3.87140326262933E1,P,200,10,1,58,1,,1,1,1,105000,1,4760,11,1,10005051102-1973-3361,,892293549
H,1,1409122,300,3,10,116200,3,10005051102-1973,10005051102,-7.50900726719366E1,3.87140326262933E1,P,200,10,2,20,2,15,2,1,6,200,1,4150,10,1,10005051102-1973-3362,,
H,1,81076,300,3,10,160000,3,10005051102-1974,10005051102,-7.5089992437886E1,3.8714464689661E1,P,103,10,2,48,1,,0,1,1,75000,2,3255,138,1,10005051102-1974-3363,,597617893
H,1,81076,300,3,10,160000,3,10005051102-1974,10005051102,-7.5089992437886E1,3.8714464689661E1,P,103,10,1,50,1,,1,1,1,60000,1,3255,10,1,10005051102-1974-3364,,545158602
H,1,81076,300,3,10,160000,3,10005051102-1974,10005051102,-7.5089992437886E1,3.8714464689661E1,P,103,10,1,23,1,,2,1,1,25000,1,4110,10,1,10005051102-1974-3365,,300284627
H,1,1107495,300,3,10,133000,3,10005051102-1975,10005051102,-7.50899806697598E1,3.87141683828344E1,P,300,10,2,49,2,15,0,1,1,78000,1,3255,10,1,10005051102-1975-3366,,816261812
H,1,1107495,300,3,10,133000,3,10005051102-1975,10005051102,-7.50899806697598E1,3.87141683828344E1,P,300,10,1,48,1,,1,1,1,50000,1,3800,10,1,10005051102-1975-3367,,1704683
H,1,1107495,300,3,10,133000,3,10005051102-1975,10005051102,-7.50899806697598E1,3.87141683828344E1,P,300,10,1,19,2,15,2,1,6,5000,1,4740,24,1,10005051102-1975-3368,,
H,1,512067,300,3,10,107000,3,10005051102-1976,10005051102,-7.50903891834107E1,3.8714374839983E1,P,200,10,1,53,1,,0,1,1,49000,1,7340,110,1,10005051102-1976-3369,,571957836
H,1,512067,300,3,10,107000,3,10005051102-1976,10005051102,-7.50903891834107E1,3.8714374839983E1,P,200,10,2,52,1,,1,1,1,43000,1,5860,39,1,10005051102-1976-3370,,423044072
H,1,512067,300,3,10,107000,3,10005051102-1976,10005051102,-7.50903891834107E1,3.8714374839983E1,P,200,10,2,25,1,,2,1,1,15000,1,4760,48,1,10005051102-1976-3371,,252600549
H,1,1075552,300,3,10,150000,3,10005051102-1977,10005051102,-7.50903677031575E1,3.87141689098452E1,P,102,10,1,50,1,,0,1,1,60000,1,230,10,1,10005051102-1977-3372,,597617893
H,1,1075552,300,3,10,150000,3,10005051102-1977,10005051102,-7.50903677031575E1,3.87141689098452E1,P,102,10,2,52,1,,1,1,1,90000,1,1540,139,1,10005051102-1977-3373,,816176416
H,1,1075552,300,3,10,150000,3,10005051102-1977,10005051102,-7.50903677031575E1,3.87141689098452E1,P,102,10,1,14,3,10,2,1,,,1,,42,1,10005051102-1977-3374,A1100471,
H,1,136886,300,3,10,139000,3,10005051102-1978,10005051102,-7.50904797814251E1,3.87144428992188E1,P,104,10,2,49,1,,0,1,1,70000,1,910,24,1,10005051102-1978-3375,,252600192
H,1,136886,300,3,10,139000,3,10005051102-1978,10005051102,-7.50904797814251E1,3.87144428992188E1,P,104,10,1,53,1,,1,1,1,69000,1,1720,26,1,10005051102-1978-3376,,518047121
H,1,136886,300,3,10,139000,3,10005051102-1978,10005051102,-7.50904797814251E1,3.87144428992188E1,P,104,10,1,15,2,11,2,1,,0,1,,37,1,10005051102-1978-3377,100068000085,
H,1,799885,300,3,10,131500,3,10005051102-1979,10005051102,-7.50908269370834E1,3.87152210487237E1,P,104,10,1,46,1,,0,1,1,93500,1,4760,36,1,10005051102-1979-3378,,180448110
H,1,799885,300,3,10,131500,3,10005051102-1979,10005051102,-7.50908269370834E1,3.87152210487237E1,P,104,10,2,46,1,,1,1,1,38000,1,5240,36,1,10005051102-1979-3379,,380084582
H,1,799885,300,3,10,131500,3,10005051102-1979,10005051102,-7.50908269370834E1,3.87152210487237E1,P,104,10,1,14,2,11,2,1,,,1,,36,1,10005051102-1979-3380,100068000085,
H,1,913740,300,3,10,125800,3,10005051102-1980,10005051102,-7.50814291797971E1,3.87141260448915E1,P,300,10,1,51,1,,0,1,6,52400,1,,36,1,10005051102-1980-3381,,
H,1,913740,300,3,10,125800,3,10005051102-1980,10005051102,-7.50814291797971E1,3.87141260448915E1,P,300,10,2,50,1,,1,1,1,51000,1,650,39,1,10005051102-1980-3382,,545158602
H,1,913740,300,3,10,125800,3,10005051102-1980,10005051102,-7.50814291797971E1,3.87141260448915E1,P,300,10,1,26,1,,3,1,1,22400,1,4760,22,1,10005051102-1980-3383,,816368500
H,1,665446,300,3,10,120000,3,10005051102-1981,10005051102,-7.50804304837267E1,3.87142666651374E1,P,102,10,1,52,1,,0,3,1,85000,1,4850,72,1,10005051102-1981-3384,,493535728
H,1,665446,300,3,10,120000,3,10005051102-1981,10005051102,-7.50804304837267E1,3.87142666651374E1,P,102,10,1,24,1,,4,3,6,0,1,,10,1,10005051102-1981-3385,,
H,1,665446,300,3,10,120000,3,10005051102-1981,10005051102,-7.50804304837267E1,3.87142666651374E1,P,102,10,2,43,1,,13,3,2,35000,1,5120,36,1,10005051102-1981-3386,,121577746
H,1,195978,300,3,10,105000,3,10005051102-1982,10005051102,-7.50804882028406E1,3.87145008901866E1,P,102,10,2,38,1,,0,1,1,35000,1,3255,34,1,10005051102-1982-3387,,121608996
H,1,195978,300,3,10,105000,3,10005051102-1982,10005051102,-7.50804882028406E1,3.87145008901866E1,P,102,10,1,38,1,,1,1,1,70000,1,2310,10,1,10005051102-1982-3388,,374755510
H,1,195978,300,3,10,105000,3,10005051102-1982,10005051102,-7.50804882028406E1,3.87145008901866E1,P,102,10,2,8,2,4,2,1,,,1,,10,1,10005051102-1982-3389,100153000155,
H,1,1347167,300,3,10,119000,3,10005051102-1983,10005051102,-7.50792086990275E1,3.87150547435663E1,P,103,10,2,54,1,,0,1,1,114000,1,350,48,1,10005051102-1983-3390,,597617893
H,1,1347167,300,3,10,119000,3,10005051102-1983,10005051102,-7.50792086990275E1,3.87150547435663E1,P,103,10,1,32,1,,10,1,3,5000,1,6260,10,1,10005051102-1983-3391,,
H,1,1347167,300,3,10,119000,3,10005051102-1983,10005051102,-7.50792086990275E1,3.87150547435663E1,P,103,10,1,6,3,2,10,1,,,1,,24,1,10005051102-1983-3392,A0101590,
H,1,1220084,300,3,10,159900,3,10005051102-1984,10005051102,-7.5080545787896E1,3.87144173682663E1,P,104,10,1,58,1,,0,1,1,61000,1,7330,42,1,10005051102-1984-3393,,374729119
H,1,1220084,300,3,10,159900,3,10005051102-1984,10005051102,-7.5080545787896E1,3.87144173682663E1,P,104,10,2,56,3,16,1,1,1,83000,1,3255,12,1,10005051102-1984-3394,,121585673
H,1,1220084,300,3,10,159900,3,10005051102-1984,10005051102,-7.5080545787896E1,3.87144173682663E1,P,104,10,1,24,3,16,2,1,1,15900,1,4250,10,1,10005051102-1984-3395,,816223580
H,1,837917,300,3,10,115200,3,10005051102-1985,10005051102,-7.5079962951445E1,3.87145719465193E1,P,104,10,2,57,1,,0,1,6,16600,1,,10,1,10005051102-1985-3396,,
H,1,837917,300,3,10,115200,3,10005051102-1985,10005051102,-7.5079962951445E1,3.87145719465193E1,P,104,10,1,57,1,,1,1,1,90400,1,10,10,1,10005051102-1985-3397,,493533715
H,1,837917,300,3,10,115200,3,10005051102-1985,10005051102,-7.5079962951445E1,3.87145719465193E1,P,104,10,1,27,2,16,2,1,1,8200,1,4040,10,1,10005051102-1985-3398,,597617893
H,1,236024,300,3,10,152000,3,10005051102-1986,10005051102,-7.50810382388254E1,3.8714520498668E1,P,104,10,1,59,1,,0,1,1,83000,1,7200,10,1,10005051102-1986-3399,,816365860
H,1,236024,300,3,10,152000,3,10005051102-1986,10005051102,-7.50810382388254E1,3.8714520498668E1,P,104,10,2,57,1,,1,1,1,34000,1,5600,10,1,10005051102-1986-3400,,307843334
H,1,236024,300,3,10,152000,3,10005051102-1986,10005051102,-7.50810382388254E1,3.8714520498668E1,P,104,10,1,29,1,,2,1,1,35000,1,6260,10,1,10005051102-1986-3401,,1704683
H,1,82669,300,3,10,119200,3,10005051102-1987,10005051102,-7.50811850529192E1,3.87147741440822E1,P,200,10,1,58,1,,0,1,1,79000,1,20,36,1,10005051102-1987-3402,,1704683
H,1,82669,300,3,10,119200,3,10005051102-1987,10005051102,-7.50811850529192E1,3.87147741440822E1,P,200,10,2,51,1,,1,1,1,24200,1,4700,34,1,10005051102-1987-3403,,541550547
H,1,82669,300,3,10,119200,3,10005051102-1987,10005051102,-7.50811850529192E1,3.87147741440822E1,P,200,10,2,24,1,,11,1,1,16000,1,4510,24,2,10005051102-1987-3404,,374755510
H,1,1139739,300,3,10,148000,3,10005051102-1988,10005051102,-7.50802397058892E1,3.87144248114372E1,P,103,10,1,55,1,,0,1,1,85000,1,8640,10,1,10005051102-1988-3405,,423044072
H,1,1139739,300,3,10,148000,3,10005051102-1988,10005051102,-7.50802397058892E1,3.87144248114372E1,P,103,10,2,52,1,,1,1,1,28000,1,2540,42,1,10005051102-1988-3406,,300283132
H,1,1139739,300,3,10,148000,3,10005051102-1988,10005051102,-7.50802397058892E1,3.87144248114372E1,P,103,10,1,26,1,,2,1,1,35000,1,5620,10,1,10005051102-1988-3407,,597617893
H,1,1081101,300,3,10,154040,3,10005051102-1989,10005051102,-7.50803844005446E1,3.87146565209406E1,P,104,10,2,57,1,,0,1,1,86040,1,5600,10,1,10005051102-1989-3408,,987664430
H,1,1081101,300,3,10,154040,3,10005051102-1989,10005051102,-7.50803844005446E1,3.87146565209406E1,P,104,10,1,65,1,,1,1,6,40000,1,,10,1,10005051102-1989-3409,,
H,1,1081101,300,3,10,154040,3,10005051102-1989,10005051102,-7.50803844005446E1,3.87146565209406E1,P,104,10,2,32,1,,2,1,1,28000,1,5120,10,1,10005051102-1989-3410,,252597000
H,1,270147,300,3,10,146000,3,10005051102-1990,10005051102,-7.50812341454712E1,3.87142541014825E1,P,101,10,1,56,1,,0,1,1,65000,1,410,10,1,10005051102-1990-3411,,816243943
H,1,270147,300,3,10,146000,3,10005051102-1990,10005051102,-7.50812341454712E1,3.87142541014825E1,P,101,10,2,58,1,,1,3,6,65000,1,2340,10,1,10005051102-1990-3412,,
H,1,270147,300,3,10,146000,3,10005051102-1990,10005051102,-7.50812341454712E1,3.87142541014825E1,P,101,10,1,22,2,15,2,1,6,16000,1,6260,10,1,10005051102-1990-3413,,
H,1,1220084,300,3,10,159900,3,10005051102-1991,10005051102,-7.50791592143396E1,3.87148195487092E1,P,104,10,1,58,1,,0,1,1,61000,1,7330,42,1,10005051102-1991-3414,,892295379
H,1,1220084,300,3,10,159900,3,10005051102-1991,10005051102,-7.50791592143396E1,3.87148195487092E1,P,104,10,2,56,3,16,1,1,1,83000,1,3255,12,1,10005051102-1991-3415,,816224570
H,1,1220084,300,3,10,159900,3,10005051102-1991,10005051102,-7.50791592143396E1,3.87148195487092E1,P,104,10,1,24,3,16,2,1,1,15900,1,4250,10,1,10005051102-1991-3416,,406578849
H,1,984748,300,3,10,179000,3,10005051102-1992,10005051102,-7.50803635252638E1,3.87145444611798E1,P,200,10,2,57,1,,0,1,1,131000,1,10,51,1,10005051102-1992-3417,,715925699
H,1,984748,300,3,10,179000,3,10005051102-1992,10005051102,-7.50803635252638E1,3.87145444611798E1,P,200,10,1,57,1,,1,1,1,34500,1,4250,51,1,10005051102-1992-3418,,909456550
H,1,984748,300,3,10,179000,3,10005051102-1992,10005051102,-7.50803635252638E1,3.87145444611798E1,P,200,10,1,25,1,,2,1,6,13500,1,6515,24,1,10005051102-1992-3419,,
H,1,811036,300,3,10,184600,3,10005051102-1993,10005051102,-7.50814608542771E1,3.87147334552541E1,P,102,10,2,64,1,,0,1,1,140100,1,110,36,1,10005051102-1993-3420,,374755510
H,1,811036,300,3,10,184600,3,10005051102-1993,10005051102,-7.50814608542771E1,3.87147334552541E1,P,102,10,1,64,1,,1,1,6,44000,1,,2,1,10005051102-1993-3421,,
H,1,811036,300,3,10,184600,3,10005051102-1993,10005051102,-7.50814608542771E1,3.87147334552541E1,P,102,10,1,24,1,,2,1,6,500,1,2720,10,1,10005051102-1993-3422,,
H,1,979583,300,3,10,143500,3,10005051102-1994,10005051102,-7.5079299372543E1,3.8714491773337E1,P,104,10,1,64,1,,0,1,6,26500,1,1920,10,1,10005051102-1994-3423,,
H,1,979583,300,3,10,143500,3,10005051102-1994,10005051102,-7.5079299372543E1,3.8714491773337E1,P,104,10,2,53,1,,1,1,1,100000,1,1220,10,1,10005051102-1994-3424,,121588164
H,1,979583,300,3,10,143500,3,10005051102-1994,10005051102,-7.5079299372543E1,3.8714491773337E1,P,104,10,1,23,1,,2,1,1,17000,1,4030,10,1,10005051102-1994-3425,,597617893
H,1,348668,300,3,10,121250,3,10005051102-1995,10005051102,-7.5079074738417E1,3.87149126432673E1,P,102,10,1,62,1,,0,1,1,94250,1,10,10,1,10005051102-1995-3426,,374755510
H,1,348668,300,3,10,121250,3,10005051102-1995,10005051102,-7.5079074738417E1,3.87149126432673E1,P,102,10,2,61,1,,1,1,6,0,1,,10,1,10005051102-1995-3427,,
H,1,348668,300,3,10,121250,3,10005051102-1995,10005051102,-7.5079074738417E1,3.87149126432673E1,P,102,10,1,25,1,,3,1,1,27000,1,5240,10,1,10005051102-1995-3428,,571957836
H,1,512539,300,3,10,100000,3,10005051102-1996,10005051102,-7.50805704135388E1,3.87146088944902E1,P,101,10,2,38,1,,0,1,1,49000,1,2430,10,1,10005051102-1996-3429,,909461444
H,1,512539,300,3,10,100000,3,10005051102-1996,10005051102,-7.50805704135388E1,3.87146088944902E1,P,101,10,1,41,2,15,1,3,1,51000,1,110,36,9,10005051102-1996-3430,,597617893
H,1,512539,300,3,10,100000,3,10005051102-1996,10005051102,-7.50805704135388E1,3.87146088944902E1,P,101,10,2,9,2,6,2,3,,,1,,10,9,10005051102-1996-3431,100081000101,
H,1,1815,300,3,10,162500,3,10005051102-1997,10005051102,-7.508041448524E1,3.87148328659878E1,P,300,10,2,64,1,,0,1,6,104000,1,,25,1,10005051102-1997-3432,,
H,1,1815,300,3,10,162500,3,10005051102-1997,10005051102,-7.508041448524E1,3.87148328659878E1,P,300,10,1,53,1,,13,1,1,32000,1,7200,24,1,10005051102-1997-3433,,816323174
H,1,1815,300,3,10,162500,3,10005051102-1997,10005051102,-7.508041448524E1,3.87148328659878E1,P,300,10,2,20,1,,15,1,1,26500,1,120,24,1,10005051102-1997-3434,,455364109
H,1,278180,300,3,10,164900,3,10005051102-1998,10005051102,-7.50782484723398E1,3.87144816698312E1,P,102,10,1,67,1,,0,1,1,100900,1,9140,17,1,10005051102-1998-3435,,252600325
H,1,278180,300,3,10,164900,3,10005051102-1998,10005051102,-7.50782484723398E1,3.87144816698312E1,P,102,10,2,49,1,,1,1,1,63000,1,5810,36,1,10005051102-1998-3436,,249578543
H,1,278180,300,3,10,164900,3,10005051102-1998,10005051102,-7.50782484723398E1,3.87144816698312E1,P,102,10,1,21,3,15,4,1,6,1000,1,,10,1,10005051102-1998-3437,,
H,1,738964,300,3,10,100500,3,10005051102-1999,10005051102,-7.50774091496528E1,3.87147194732193E1,P,200,10,1,65,1,,0,1,1,59000,1,9150,51,1,10005051102-1999-3438,,664585940
H,1,738964,300,3,10,100500,3,10005051102-1999,10005051102,-7.50774091496528E1,3.87147194732193E1,P,200,10,2,46,1,,1,1,1,39000,1,3730,10,1,10005051102-1999-3439,,1704683
H,1,738964,300,3,10,100500,3,10005051102-1999,10005051102,-7.50774091496528E1,3.87147194732193E1,P,200,10,2,16,2,12,4,1,6,2500,1,5260,10,1,10005051102-1999-3440,100081000364,
H,1,722902,300,3,10,154610,3,10005051102-2000,10005051102,-7.50765414744636E1,3.87147154973915E1,P,101,10,1,73,1,,0,1,1,88000,1,9130,42,1,10005051102-2000-3441,,455365981
H,1,722902,300,3,10,154610,3,10005051102-2000,10005051102,-7.50765414744636E1,3.87147154973915E1,P,101,10,1,32,1,,2,1,1,41600,1,6260,42,1,10005051102-2000-3442,,678075086
H,1,722902,300,3,10,154610,3,10005051102-2000,10005051102,-7.50765414744636E1,3.87147154973915E1,P,101,10,1,31,1,,2,1,1,25010,1,8255,42,1,10005051102-2000-3443,,455364323
H,1,738964,300,3,10,100500,3,10005051102-2001,10005051102,-7.50772370034841E1,3.87148073445495E1,P,200,10,1,65,1,,0,1,1,59000,1,9150,51,1,10005051102-2001-3444,,677602773
H,1,738964,300,3,10,100500,3,10005051102-2001,10005051102,-7.50772370034841E1,3.87148073445495E1,P,200,10,2,46,1,,1,1,1,39000,1,3730,10,1,10005051102-2001-3445,,121610893
H,1,738964,300,3,10,100500,3,10005051102-2001,10005051102,-7.50772370034841E1,3.87148073445495E1,P,200,10,2,16,2,12,4,1,6,2500,1,5260,10,1,10005051102-2001-3446,100027000080,
H,1,251216,300,3,10,117200,3,10005051102-2002,10005051102,-7.50761822453144E1,3.87151236181934E1,P,103,10,1,33,1,,0,1,1,57200,2,1740,163,1,10005051102-2002-3447,,597617893
H,1,251216,300,3,10,117200,3,10005051102-2002,10005051102,-7.50761822453144E1,3.87151236181934E1,P,103,10,2,29,2,16,1,1,1,40000,2,800,160,1,10005051102-2002-3448,,209434521
H,1,251216,300,3,10,117200,3,10005051102-2002,10005051102,-7.50761822453144E1,3.87151236181934E1,P,103,10,1,27,1,,12,1,1,20000,2,1920,207,6,10005051102-2002-3449,,121566509
H,1,783892,300,3,10,123800,3,10005051102-2003,10005051102,-7.50773918542342E1,3.8714863974319E1,P,300,10,2,87,1,,0,1,6,30900,1,,10,1,10005051102-2003-3450,,
H,1,783892,300,3,10,123800,3,10005051102-2003,10005051102,-7.50773918542342E1,3.8714863974319E1,P,300,10,1,89,1,,1,1,6,28900,1,,10,1,10005051102-2003-3451,,
H,1,783892,300,3,10,123800,3,10005051102-2003,10005051102,-7.50773918542342E1,3.8714863974319E1,P,300,10,1,57,1,,2,1,6,64000,1,5550,10,1,10005051102-2003-3452,,
H,1,783892,300,3,10,123800,3,10005051102-2004,10005051102,-7.5077818435317E1,3.8714687062271E1,P,300,10,2,87,1,,0,1,6,30900,1,,10,1,10005051102-2004-3453,,
H,1,783892,300,3,10,123800,3,10005051102-2004,10005051102,-7.5077818435317E1,3.8714687062271E1,P,300,10,1,89,1,,1,1,6,28900,1,,10,1,10005051102-2004-3454,,
H,1,783892,300,3,10,123800,3,10005051102-2004,10005051102,-7.5077818435317E1,3.8714687062271E1,P,300,10,1,57,1,,2,1,6,64000,1,5550,10,1,10005051102-2004-3455,,
H,1,791412,300,3,10,144000,3,10005051102-2005,10005051102,-7.50764998532356E1,3.87150138740595E1,P,300,10,1,54,1,,0,1,1,80000,2,205,368,8,10005051102-2005-3456,,1165745
H,1,791412,300,3,10,144000,3,10005051102-2005,10005051102,-7.50764998532356E1,3.87150138740595E1,P,300,10,2,51,1,,1,1,1,48000,2,7855,368,6,10005051102-2005-3457,,846667
H,1,791412,300,3,10,144000,3,10005051102-2005,10005051102,-7.50764998532356E1,3.87150138740595E1,P,300,10,1,21,2,15,2,1,1,16000,2,7855,368,6,10005051102-2005-3458,,252598586
H,1,386930,300,3,10,117600,3,10005051102-2006,10005051102,-7.5076344530631E1,3.87148215346255E1,P,200,10,2,58,1,,0,1,1,26600,1,4030,10,9,10005051102-2006-3459,,400853321
H,1,386930,300,3,10,117600,3,10005051102-2006,10005051102,-7.5076344530631E1,3.87148215346255E1,P,200,10,1,55,1,,1,1,1,41000,1,7630,10,9,10005051102-2006-3460,,816368500
H,1,386930,300,3,10,117600,3,10005051102-2006,10005051102,-7.5076344530631E1,3.87148215346255E1,P,200,10,2,31,1,,2,1,1,50000,1,310,10,3,10005051102-2006-3461,,374755510
H,1,386930,300,3,10,117600,3,10005051102-2007,10005051102,-7.50776049391498E1,3.8714763126629E1,P,200,10,2,58,1,,0,1,1,26600,1,4030,10,9,10005051102-2007-3462,,423041482
H,1,386930,300,3,10,117600,3,10005051102-2007,10005051102,-7.50776049391498E1,3.8714763126629E1,P,200,10,1,55,1,,1,1,1,41000,1,7630,10,9,10005051102-2007-3463,,966223950
H,1,386930,300,3,10,117600,3,10005051102-2007,10005051102,-7.50776049391498E1,3.8714763126629E1,P,200,10,2,31,1,,2,1,1,50000,1,310,10,3,10005051102-2007-3464,,472707504
H,1,386930,300,3,10,117600,3,10005051102-2008,10005051102,-7.50772219445664E1,3.87143383210295E1,P,200,10,2,58,1,,0,1,1,26600,1,4030,10,9,10005051102-2008-3465,,242372662
H,1,386930,300,3,10,117600,3,10005051102-2008,10005051102,-7.50772219445664E1,3.87143383210295E1,P,200,10,1,55,1,,1,1,1,41000,1,7630,10,9,10005051102-2008-3466,,652456922
H,1,386930,300,3,10,117600,3,10005051102-2008,10005051102,-7.50772219445664E1,3.87143383210295E1,P,200,10,2,31,1,,2,1,1,50000,1,310,10,3,10005051102-2008-3467,,368683785
H,1,100760,300,3,10,716400,3,10005051102-2009,10005051102,-7.50774708558563E1,3.87147258170086E1,P,102,10,1,42,1,,0,1,1,684000,1,5700,10,1,10005051102-2009-3468,,909460388
H,1,100760,300,3,10,716400,3,10005051102-2009,10005051102,-7.50774708558563E1,3.87147258170086E1,P,102,10,2,44,1,,1,1,1,32400,1,4760,10,1,10005051102-2009-3469,,678074840
H,1,100760,300,3,10,716400,3,10005051102-2009,10005051102,-7.50774708558563E1,3.87147258170086E1,P,102,10,1,6,3,3,2,1,,,1,,10,1,10005051102-2009-3470,A0101631,
H,1,100760,300,3,10,716400,3,10005051102-2010,10005051102,-7.50778162804106E1,3.8714477780692E1,P,102,10,1,42,1,,0,1,1,684000,1,5700,10,1,10005051102-2010-3471,,545158602
H,1,100760,300,3,10,716400,3,10005051102-2010,10005051102,-7.50778162804106E1,3.8714477780692E1,P,102,10,2,44,1,,1,1,1,32400,1,4760,10,1,10005051102-2010-3472,,639966977
H,1,100760,300,3,10,716400,3,10005051102-2010,10005051102,-7.50778162804106E1,3.8714477780692E1,P,102,10,1,6,3,3,2,1,,,1,,10,1,10005051102-2010-3473,A0101590,
H,1,100760,300,3,10,716400,3,10005051102-2011,10005051102,-7.50776405334343E1,3.87147994883097E1,P,102,10,1,42,1,,0,1,1,684000,1,5700,10,1,10005051102-2011-3474,,374755510
H,1,100760,300,3,10,716400,3,10005051102-2011,10005051102,-7.50776405334343E1,3.87147994883097E1,P,102,10,2,44,1,,1,1,1,32400,1,4760,10,1,10005051102-2011-3475,,455364224
H,1,100760,300,3,10,716400,3,10005051102-2011,10005051102,-7.50776405334343E1,3.87147994883097E1,P,102,10,1,6,3,3,2,1,,,1,,10,1,10005051102-2011-3476,00249963,
H,1,1247712,300,3,10,460500,3,10005051102-2012,10005051102,-7.50771315470915E1,3.87149429680791E1,P,102,10,1,50,1,,0,1,1,440500,1,850,10,1,10005051102-2012-3477,,400372974
H,1,1247712,300,3,10,460500,3,10005051102-2012,10005051102,-7.50771315470915E1,3.87149429680791E1,P,102,10,2,53,1,,1,1,1,20000,1,5700,10,1,10005051102-2012-3478,,400853115
H,1,1247712,300,3,10,460500,3,10005051102-2012,10005051102,-7.50771315470915E1,3.87149429680791E1,P,102,10,2,11,3,7,2,1,,,1,,10,1,10005051102-2012-3479,A0101590,
H,1,383543,300,3,10,429200,3,10005051102-2013,10005051102,-7.50821167924548E1,3.8714882575439E1,P,102,10,2,53,1,,0,1,1,380000,1,2100,42,1,10005051102-2013-3480,,816214100
H,1,383543,300,3,10,429200,3,10005051102-2013,10005051102,-7.50821167924548E1,3.8714882575439E1,P,102,10,1,58,1,,1,1,1,45000,1,1300,55,1,10005051102-2013-3481,,455364885
H,1,383543,300,3,10,429200,3,10005051102-2013,10005051102,-7.50821167924548E1,3.8714882575439E1,P,102,10,1,17,2,14,2,1,1,4200,1,4760,10,1,10005051102-2013-3482,100068000085,1165745
H,1,383543,300,3,10,429200,3,10005051102-2014,10005051102,-7.50815421682308E1,3.87148211604384E1,P,102,10,2,53,1,,0,1,1,380000,1,2100,42,1,10005051102-2014-3483,,121576607
H,1,383543,300,3,10,429200,3,10005051102-2014,10005051102,-7.50815421682308E1,3.87148211604384E1,P,102,10,1,58,1,,1,1,1,45000,1,1300,55,1,10005051102-2014-3484,,252597000
H,1,383543,300,3,10,429200,3,10005051102-2014,10005051102,-7.50815421682308E1,3.87148211604384E1,P,102,10,1,17,2,14,2,1,1,4200,1,4760,10,1,10005051102-2014-3485,100068000090,423044072
H,1,1218729,300,3,10,223000,3,10005051102-2015,10005051102,-7.50822108542294E1,3.8714560365721E1,P,104,10,2,49,1,,0,1,1,150000,1,4850,42,1,10005051102-2015-3486,,242491959
H,1,1218729,300,3,10,223000,3,10005051102-2015,10005051102,-7.50822108542294E1,3.8714560365721E1,P,104,10,1,55,1,,1,1,1,71000,1,3255,42,1,10005051102-2015-3487,,1165745
H,1,1218729,300,3,10,223000,3,10005051102-2015,10005051102,-7.50822108542294E1,3.8714560365721E1,P,104,10,1,19,2,15,2,1,1,2000,1,4140,10,1,10005051102-2015-3488,,423041581
H,1,1187962,300,3,10,218000,3,10005051102-2016,10005051102,-7.50824632378997E1,3.87148887642074E1,P,104,10,2,54,1,,0,1,1,60000,1,3320,10,1,10005051102-2016-3489,,545158602
H,1,1187962,300,3,10,218000,3,10005051102-2016,10005051102,-7.50824632378997E1,3.87148887642074E1,P,104,10,1,55,1,,1,1,1,130000,1,4700,10,1,10005051102-2016-3490,,455365551
H,1,1187962,300,3,10,218000,3,10005051102-2016,10005051102,-7.50824632378997E1,3.87148887642074E1,P,104,10,2,31,1,,2,1,1,28000,1,5240,10,1,10005051102-2016-3491,,966223950
H,1,608196,300,3,10,355700,3,10005051102-2017,10005051102,-7.50784220044451E1,3.87140526785802E1,P,101,10,2,50,1,,0,1,6,10700,1,2200,42,1,10005051102-2017-3492,,
H,1,608196,300,3,10,355700,3,10005051102-2017,10005051102,-7.50784220044451E1,3.87140526785802E1,P,101,10,1,64,1,,1,1,1,331000,1,2200,39,1,10005051102-2017-3493,,816260954
H,1,608196,300,3,10,355700,3,10005051102-2017,10005051102,-7.50784220044451E1,3.87140526785802E1,P,101,10,1,15,3,12,2,1,,14000,1,,10,1,10005051102-2017-3494,A0700397,
H,1,1187962,300,3,10,218000,3,10005051102-2018,10005051102,-7.50784123741462E1,3.87140221402228E1,P,104,10,2,54,1,,0,1,1,60000,1,3320,10,1,10005051102-2018-3495,,545158602
H,1,1187962,300,3,10,218000,3,10005051102-2018,10005051102,-7.50784123741462E1,3.87140221402228E1,P,104,10,1,55,1,,1,1,1,130000,1,4700,10,1,10005051102-2018-3496,,452187800
H,1,1187962,300,3,10,218000,3,10005051102-2018,10005051102,-7.50784123741462E1,3.87140221402228E1,P,104,10,2,31,1,,2,1,1,28000,1,5240,10,1,10005051102-2018-3497,,518056825
H,1,889021,300,3,10,677610,3,10005051102-2019,10005051102,-7.50787010950324E1,3.87146537329253E1,P,102,10,2,56,1,,0,1,1,45200,1,800,26,1,10005051102-2019-3498,,1704683
H,1,889021,300,3,10,677610,3,10005051102-2019,10005051102,-7.50787010950324E1,3.87146537329253E1,P,102,10,1,56,1,,1,1,1,631100,1,800,36,1,10005051102-2019-3499,,252596549
H,1,889021,300,3,10,677610,3,10005051102-2019,10005051102,-7.50787010950324E1,3.87146537329253E1,P,102,10,1,18,3,14,2,1,2,1310,1,3955,36,1,10005051102-2019-3500,00249996,974115537
H,1,1076300,300,3,10,430000,3,10005051102-2020,10005051102,-7.50786884439998E1,3.87147520257888E1,P,102,10,1,56,1,,0,1,1,415500,1,3060,42,1,10005051102-2020-3501,,1704683
H,1,1076300,300,3,10,430000,3,10005051102-2020,10005051102,-7.50786884439998E1,3.87147520257888E1,P,102,10,2,59,1,,1,1,6,500,1,,37,1,10005051102-2020-3502,,
H,1,1076300,300,3,10,430000,3,10005051102-2020,10005051102,-7.50786884439998E1,3.87147520257888E1,P,102,10,2,25,1,,2,1,1,14000,1,5860,10,1,10005051102-2020-3503,,611230020
H,1,706460,300,3,10,251500,3,10005051102-2021,10005051102,-7.50786140201685E1,3.87142830839087E1,P,104,10,1,57,1,,0,1,1,88500,1,120,36,1,10005051102-2021-3504,,572496537
H,1,706460,300,3,10,251500,3,10005051102-2021,10005051102,-7.50786140201685E1,3.87142830839087E1,P,104,10,2,54,1,,1,4,1,163000,2,50,327,1,10005051102-2021-3505,,933688046
H,1,706460,300,3,10,251500,3,10005051102-2021,10005051102,-7.50786140201685E1,3.87142830839087E1,P,104,10,2,16,3,12,2,4,6,0,1,,12,1,10005051102-2021-3506,A1100471,
H,1,1079612,300,3,10,583000,3,10005051102-2022,10005051102,-7.50785110997038E1,3.87143354830566E1,P,102,10,1,55,1,,0,1,1,381000,1,2100,47,1,10005051102-2022-3507,,208310870
H,1,1079612,300,3,10,583000,3,10005051102-2022,10005051102,-7.50785110997038E1,3.87143354830566E1,P,102,10,2,53,1,,1,3,1,202000,1,430,72,1,10005051102-2022-3508,,597617893
H,1,1079612,300,3,10,583000,3,10005051102-2022,10005051102,-7.50785110997038E1,3.87143354830566E1,P,102,10,2,12,3,9,3,16,,,1,,364,1,10005051102-2022-3509,01609906,
H,1,172841,300,3,10,200690,3,10005051102-2023,10005051102,-7.50786073913603E1,3.8715220006548E1,P,102,10,2,59,1,,0,1,1,59000,1,5700,10,1,10005051102-2023-3510,,816198204
H,1,172841,300,3,10,200690,3,10005051102-2023,10005051102,-7.50786073913603E1,3.8715220006548E1,P,102,10,1,59,1,,1,1,6,140090,1,4760,42,1,10005051102-2023-3511,,
H,1,172841,300,3,10,200690,3,10005051102-2023,10005051102,-7.50786073913603E1,3.8715220006548E1,P,102,10,1,23,1,,2,1,1,1600,1,7840,10,1,10005051102-2023-3512,,816261812
H,1,1076300,300,3,10,430000,3,10005051102-2024,10005051102,-7.50788483303801E1,3.87155692522148E1,P,102,10,1,56,1,,0,1,1,415500,1,3060,42,1,10005051102-2024-3513,,966213027
H,1,1076300,300,3,10,430000,3,10005051102-2024,10005051102,-7.50788483303801E1,3.87155692522148E1,P,102,10,2,59,1,,1,1,6,500,1,,37,1,10005051102-2024-3514,,
H,1,1076300,300,3,10,430000,3,10005051102-2024,10005051102,-7.50788483303801E1,3.87155692522148E1,P,102,10,2,25,1,,2,1,1,14000,1,5860,10,1,10005051102-2024-3515,,252603089
H,1,1079612,300,3,10,583000,3,10005051102-2025,10005051102,-7.50785591737507E1,3.87154223213726E1,P,102,10,1,55,1,,0,1,1,381000,1,2100,47,1,10005051102-2025-3516,,121576607
H,1,1079612,300,3,10,583000,3,10005051102-2025,10005051102,-7.50785591737507E1,3.87154223213726E1,P,102,10,2,53,1,,1,3,1,202000,1,430,72,1,10005051102-2025-3517,,597612142
H,1,1079612,300,3,10,583000,3,10005051102-2025,10005051102,-7.50785591737507E1,3.87154223213726E1,P,102,10,2,12,3,9,3,16,,,1,,364,1,10005051102-2025-3518,A0101590,
H,1,59619,300,3,10,210500,3,10005051102-2026,10005051102,-7.50785917028623E1,3.8715536660577E1,P,104,10,1,57,1,,0,1,1,119500,1,2630,10,1,10005051102-2026-3519,,121583538
H,1,59619,300,3,10,210500,3,10005051102-2026,10005051102,-7.50785917028623E1,3.8715536660577E1,P,104,10,2,57,1,,1,1,6,61000,1,10,10,1,10005051102-2026-3520,,
H,1,59619,300,3,10,210500,3,10005051102-2026,10005051102,-7.50785917028623E1,3.8715536660577E1,P,104,10,1,39,1,,15,1,1,30000,1,7630,38,1,10005051102-2026-3521,,571959527
H,1,1076300,300,3,10,430000,3,10005051102-2027,10005051102,-7.50840089179635E1,3.87084787616193E1,P,102,10,1,56,1,,0,1,1,415500,1,3060,42,1,10005051102-2027-3522,,518047121
H,1,1076300,300,3,10,430000,3,10005051102-2027,10005051102,-7.50840089179635E1,3.87084787616193E1,P,102,10,2,59,1,,1,1,6,500,1,,37,1,10005051102-2027-3523,,
H,1,1076300,300,3,10,430000,3,10005051102-2027,10005051102,-7.50840089179635E1,3.87084787616193E1,P,102,10,2,25,1,,2,1,1,14000,1,5860,10,1,10005051102-2027-3524,,816365860
H,1,1014392,300,3,10,240000,3,10005051102-2028,10005051102,-7.50904956467227E1,3.8711795356904E1,P,300,10,2,56,1,,0,1,6,226000,1,3800,36,1,10005051102-2028-3525,,
H,1,1014392,300,3,10,240000,3,10005051102-2028,10005051102,-7.50904956467227E1,3.8711795356904E1,P,300,10,2,47,1,,13,1,6,5000,1,4320,36,1,10005051102-2028-3526,,
H,1,1014392,300,3,10,240000,3,10005051102-2028,10005051102,-7.50904956467227E1,3.8711795356904E1,P,300,10,2,24,1,,15,1,1,9000,1,4760,36,1,10005051102-2028-3527,,657262440
H,1,1066890,300,3,10,384300,3,10005051102-2029,10005051102,-7.50795755745646E1,3.8716214806598E1,P,102,10,1,63,1,,0,1,1,274000,1,430,34,1,10005051102-2029-3528,,121602585
H,1,1066890,300,3,10,384300,3,10005051102-2029,10005051102,-7.50795755745646E1,3.8716214806598E1,P,102,10,2,63,1,,1,1,1,73700,1,2310,34,1,10005051102-2029-3529,,423044072
H,1,1066890,300,3,10,384300,3,10005051102-2029,10005051102,-7.50795755745646E1,3.8716214806598E1,P,102,10,2,24,1,,3,1,1,36600,1,3050,10,1,10005051102-2029-3530,,611231382
H,1,1489740,300,3,10,316600,3,10005051102-2030,10005051102,-7.50849450111491E1,3.87122910878327E1,P,102,10,2,60,1,,0,1,1,135000,1,3255,36,1,10005051102-2030-3531,,1704683
H,1,1489740,300,3,10,316600,3,10005051102-2030,10005051102,-7.50849450111491E1,3.87122910878327E1,P,102,10,1,61,1,,1,1,1,181600,1,1720,36,1,10005051102-2030-3532,,572549012
H,1,1489740,300,3,10,316600,3,10005051102-2030,10005051102,-7.50849450111491E1,3.87122910878327E1,P,102,10,1,27,1,,2,1,6,0,1,,13,1,10005051102-2030-3533,,
H,1,1489740,300,3,10,316600,3,10005051102-2031,10005051102,-7.50884064883726E1,3.8713670128159E1,P,102,10,2,60,1,,0,1,1,135000,1,3255,36,1,10005051102-2031-3534,,541552774
H,1,1489740,300,3,10,316600,3,10005051102-2031,10005051102,-7.50884064883726E1,3.8713670128159E1,P,102,10,1,61,1,,1,1,1,181600,1,1720,36,1,10005051102-2031-3535,,121584577
H,1,1489740,300,3,10,316600,3,10005051102-2031,10005051102,-7.50884064883726E1,3.8713670128159E1,P,102,10,1,27,1,,2,1,6,0,1,,13,1,10005051102-2031-3536,,
H,1,188762,300,3,10,215000,3,10005051102-2032,10005051102,-7.50835494986925E1,3.87134724733913E1,P,103,10,1,69,1,,0,1,1,175200,1,3060,42,1,10005051102-2032-3537,,816217681
H,1,188762,300,3,10,215000,3,10005051102-2032,10005051102,-7.50835494986925E1,3.87134724733913E1,P,103,10,2,64,1,,1,1,1,18200,1,2200,42,1,10005051102-2032-3538,,306054693
H,1,188762,300,3,10,215000,3,10005051102-2032,10005051102,-7.50835494986925E1,3.87134724733913E1,P,103,10,2,30,1,,2,1,6,21600,1,,10,1,10005051102-2032-3539,,
H,1,188762,300,3,10,215000,3,10005051102-2033,10005051102,-7.50810067810021E1,3.87105915177074E1,P,103,10,1,69,1,,0,1,1,175200,1,3060,42,1,10005051102-2033-3540,,367281805
H,1,188762,300,3,10,215000,3,10005051102-2033,10005051102,-7.50810067810021E1,3.87105915177074E1,P,103,10,2,64,1,,1,1,1,18200,1,2200,42,1,10005051102-2033-3541,,816371462
H,1,188762,300,3,10,215000,3,10005051102-2033,10005051102,-7.50810067810021E1,3.87105915177074E1,P,103,10,2,30,1,,2,1,6,21600,1,,10,1,10005051102-2033-3542,,
